q
0 0 585 765 re
W n
q
/GS0 gs
587.0127411 0 0 767.1027527 -1.0636292 -0.9327393 cm
/Im0 Do
Q
Q
/CS1 cs 1 1 1  scn
/GS0 gs
414 621 117 63.9 re
f
/PlacedGraphic /MC0 BDC 
EMC 
q
414 609.971 117 65.109 re
W n
0.503 0.51 0.52  scn
q 1 0 0 1 414 640.5607 cm
0 0 m
10.067 3.352 25.803 6.144 44.132 7.098 c
44.643 6.479 45.204 5.909 45.808 5.395 c
27.444 4.706 11.377 2.491 0 0 c
70.046 7.159 m
88.902 6.269 105.12 3.427 115.413 0 c
103.84 2.534 87.186 4.782 68.353 5.43 c
68.959 5.946 69.527 6.523 70.046 7.159 c
f
Q
/GS1 gs
q 1 0 0 1 452.6671 655.8852 cm
0 0 m
0.117 -3.246 -1.023 -5.995 -3.568 -6.083 c
-5.995 -6.2 -7.428 -3.51 -7.515 -0.351 c
-7.633 2.749 -6.551 5.703 -3.977 5.82 c
-1.374 5.907 -0.146 2.954 0 0 c
2.661 -0.205 m
2.691 3.275 0.702 6.843 -3.714 6.873 c
-7.779 6.873 -10.177 3.275 -10.177 -0.205 c
-10.177 -3.305 -8.393 -7.224 -3.772 -7.224 c
0.117 -7.253 2.661 -3.656 2.661 -0.205 c
f*
Q
0.855 0.125 0.216  scn
q 1 0 0 1 494.0451 649.5972 cm
0 0 m
-0.906 0.146 -1.169 0.79 -1.169 1.667 c
-1.169 13.161 l
-4.679 12.459 l
-4.211 12.312 -3.656 12.195 -3.656 11.289 c
-3.656 2.354 l
-4.503 1.535 -5.322 0.863 -6.755 0.863 c
-8.422 0.863 -9.767 2.149 -9.767 4.635 c
-9.767 13.161 l
  -13.306 12.459 l
-12.867 12.312 -12.312 12.195 -12.312 11.289 c
-12.312 4.562 l
-12.312 0.205 -9.592 -0.936 -7.867 -0.936 c
-5.79 -0.936 -4.474 0.146 -3.597 1.112 c
-3.597 -0.204 -3.246 -0.526 -2.544 -0.936 c
h
f*
Q
q 1 0 0 1 503.7435 657.7858 cm
0 0 m
-6.668 0 l
-6.434 2.018 -5.293 3.919 -3.159 3.919 c
-1.55 3.919 0 2.837 0 0 c
2.69 -1.082 m
2.69 3.246 -0.323 4.972 -2.808 4.972 c
-7.282 4.972 -9.535 1.053 -9.535 -2.135 c
-9.535 -5.615 -7.02 -9.124 -2.896 -9.124 c
0.234 -9.124 2.485 -6.785 2.573 -4.387 c
2.018 -5.761 -0.058 -7.428 -2.106 -7.428 c
-5.206 -7.428 -6.785 -4.855 -6.785 -1.901 c
-6.785 -1.082 l
h
f*
Q
q 1 0 0 1 516.0534 652.7267 cm
0 0 m
0 2.398 -2.018 3.539 -3.919 4.591 c
-5.44 5.498 -6.405 6.024 -6.405 7.253 c
-6.405 8.013 -5.703 9.007 -4.212 9.007 c
-2.428 9.007 -1.462 7.194 -0.995 5.674 c
-0.995 9.183 l
-2.34 9.885 -3.451 10.031 -4.212 10.031 c
-7.457 10.031 -8.54 7.896 -8.54 6.463 c
-8.54 4.796 -7.837 3.831 -5.528 2.515 c
-3.51 1.287 -2.428 0.877 -2.428 -0.556 c
-2.428 -1.258 -2.983 -2.895 -5.089 -2.895 c
-7.018 -2.895 -8.334 -0.965 -8.803 1.082 c
-8.803 -2.691 l
-7.837 -3.305 -6.551 -4.065 -4.913 -4.065 c
-2.778 -4.065 0 -2.691 0 0 c
f*
Q
q 1 0 0 1 524.9983 650.6503 cm
  0 0 m
-0.409 -0.351 -0.702 -0.76 -1.872 -0.76 c
-2.778 -0.76 -4.533 -0.468 -4.533 2.281 c
-4.533 10.528 l
-0.439 10.528 l
-0.439 11.756 l
-4.474 11.756 l
-4.474 14.447 l
-8.276 10.528 l
-7.019 10.528 l
-7.019 2.252 l
-7.019 -0.556 -5.293 -1.989 -2.954 -1.989 c
-1.258 -1.989 -0.029 -0.76 0 0 c
f*
Q
0.503 0.51 0.52  scn
q 1 0 0 1 430.6639 663.3134 cm
0 0 m
0 -4.007 -3.421 -4.562 -5.001 -4.562 c
-5.615 -4.562 -6.171 -4.474 -6.434 -4.358 c
-6.434 4.299 l
-5.819 4.328 -4.474 4.328 v
-1.52 4.328 0 2.661 0 0 c
2.895 0.058 m
2.895 2.34 1.462 5.498 -4.387 5.498 c
-9.972 5.498 l
-9.534 5.264 -9.153 4.855 -9.153 4.182 c
-9.153 -13.073 l
-9.153 -13.716 -9.534 -14.125 -9.972 -14.389 c
-5.615 -14.389 l
-6.112 -14.125 -6.434 -13.716 -6.434 -13.073 c
-6.434 -5.293 l
-4.182 -6.2 -1.52 -5.528 -0.614 -5.118 c
0.293 -4.709 2.895 -3.13 2.895 0.058 c
f*
Q
q 1 0 0 1 441.9722 659.7747 cm
0 0 m
0 2.749 l
-0.351 2.895 -0.409 2.983 -1.111 2.983 c
-2.135 2.983 -3.656 1.462 -4.27 0.409 c
-4.27 2.983 l
-7.867 2.281 l
-7.37 2.135 -6.814 2.018 -6.814 1.111 c
-6.814 -9.739 l
-6.814 -10.382 -7.106 -10.587 -7.575 -10.85 c
-3.509 -10.85 l
-3.948 -10.587 -4.27 -10.382 -4.27 -9.739 c
-4.27 -0.672 l
  -3.714 0.029 -2.837 0.906 -1.725 0.906 c
-0.965 0.906 -0.439 0.556 0 0 c
f*
Q
/GS0 gs
q 1 0 0 1 490.5129 630.0102 cm
0 0 m
0 -0.737 0.527 -0.996 1.214 -0.996 c
1.51 -0.996 2.012 -0.953 2.253 -0.564 c
2.396 -0.334 2.396 -0.093 2.396 0.297 c
2.396 0.65 2.396 0.786 2.278 0.984 c
2.185 1.145 2.018 1.299 1.864 1.411 c
1.071 1.95 l
0.898 2.067 0.817 2.147 0.817 2.513 c
0.817 2.865 0.972 2.946 1.189 2.946 c
1.541 2.946 1.541 2.711 1.541 2.5 c
1.541 2.185 l
2.34 2.185 l
2.34 2.618 l
2.34 3.366 1.696 3.558 1.226 3.558 c
0.805 3.558 0.508 3.435 0.347 3.299 c
0.063 3.063 0.032 2.735 0.032 2.395 c
0.032 1.95 0.143 1.646 0.551 1.368 c
1.319 0.854 l
1.529 0.712 1.591 0.582 1.591 0.272 c
1.591 -0.118 1.591 -0.378 1.195 -0.378 c
0.805 -0.378 0.805 -0.124 0.805 0.13 c
0.805 0.637 l
0 0.637 l
h
f*
Q
q 1 0 0 1 493.5498 632.2753 cm
0 0 m
-0.396 0 l
-0.396 -0.489 l
0.006 -0.489 l
0.006 -2.537 l
0.006 -2.94 0.112 -3.2 0.805 -3.2 c
1.052 -3.2 1.145 -3.175 1.194 -3.163 c
1.194 -2.636 l
1.145 -2.636 1.114 -2.643 1.064 -2.643 c
0.768 -2.643 0.731 -2.5 0.731 -2.296 c
0.731 -0.489 l
1.176 -0.489 l
1.176 0 l
0.737 0 l
0.737 1.145 l
0 1.145 l
h
f*
Q
q 1 0 0 1 496.2285 629.775 cm
0 0 m
-0.179 -0.155 -0.278 -0.18 -0.352 -0.18 c
  -0.483 -0.18 -0.526 -0.081 -0.526 0.167 c
-0.526 0.483 -0.508 0.594 -0.359 0.693 c
0 0.928 l
h
-0.508 1.522 m
-0.508 1.912 -0.508 2.061 -0.253 2.061 c
-0.031 2.061 -0.006 1.918 0 1.851 c
0.006 1.819 0.006 1.789 0.006 1.498 c
-0.761 1.114 l
-1.244 0.872 -1.244 0.699 -1.244 0.136 c
-1.244 -0.167 -1.244 -0.736 -0.619 -0.736 c
-0.285 -0.736 -0.136 -0.569 0.019 -0.39 c
0.025 -0.526 0.05 -0.606 0.105 -0.668 c
0.879 -0.668 l
0.737 -0.557 0.737 -0.353 0.737 0.105 c
0.737 1.869 l
0.737 2.011 0.687 2.284 0.359 2.45 c
0.167 2.549 -0.049 2.568 -0.204 2.568 c
-0.569 2.568 -0.854 2.482 -1.009 2.327 c
-1.182 2.154 -1.182 1.999 -1.182 1.522 c
h
f*
Q
q 1 0 0 1 497.5084 629.1066 cm
0 0 m
0.73 0 l
0.73 1.863 l
0.73 2.11 0.73 2.544 1.207 2.544 c
1.324 2.544 1.399 2.513 1.454 2.494 c
1.454 3.225 l
1.021 3.237 0.854 2.989 0.73 2.766 c
0.736 3.169 l
0 3.169 l
h
f*
Q
q 1 0 0 1 499.4825 632.2753 cm
0 0 m
-0.396 0 l
-0.396 -0.489 l
0.006 -0.489 l
0.006 -2.537 l
0.006 -2.94 0.111 -3.2 0.804 -3.2 c
1.052 -3.2 1.145 -3.175 1.194 -3.163 c
1.194 -2.636 l
1.145 -2.636 1.114 -2.643 1.064 -2.643 c
0.768 -2.643 0.73 -2.5 0.73 -2.296 c
0.73 -0.489 l
1.176 -0.489 l
1.176 0 l
0.737 0 l
0.737 1.145 l
  0 1.145 l
h
f*
Q
q 1 0 0 1 502.5385 629.1066 cm
0 0 m
0.736 0 l
0.736 2.302 l
0.736 2.513 0.829 2.643 1.027 2.643 c
1.3 2.643 1.3 2.414 1.3 2.253 c
1.3 0 l
2.03 0 l
2.03 2.488 l
2.03 3.125 1.59 3.237 1.368 3.237 c
1.027 3.237 0.848 3.045 0.724 2.915 c
0.724 4.369 l
0 4.369 l
h
f*
Q
q 1 0 0 1 505.8186 631.4399 cm
0 0 m
0 0.198 0.08 0.315 0.272 0.315 c
0.526 0.315 0.526 0.086 0.526 0 c
0.526 -0.39 l
0 -0.39 l
h
-0.006 -0.91 m
1.256 -0.91 l
1.256 -0.006 l
1.256 0.179 1.219 0.439 1.04 0.625 c
0.848 0.81 0.563 0.903 0.272 0.903 c
0.049 0.903 -0.211 0.847 -0.397 0.718 c
-0.601 0.575 -0.737 0.353 -0.737 -0.044 c
-0.737 -1.38 l
-0.737 -2.018 -0.446 -2.395 0.278 -2.395 c
0.736 -2.395 1.244 -2.229 1.244 -1.541 c
1.244 -1.287 l
0.526 -1.287 l
0.526 -1.615 0.519 -1.652 0.464 -1.727 c
0.42 -1.782 0.353 -1.82 0.266 -1.82 c
-0.006 -1.82 -0.006 -1.566 -0.006 -1.43 c
h
f*
Q
q 1 0 0 1 507.5687 629.1066 cm
0 0 m
0.73 0 l
0.73 1.863 l
0.73 2.11 0.73 2.544 1.206 2.544 c
1.324 2.544 1.398 2.513 1.454 2.494 c
1.454 3.225 l
1.021 3.237 0.854 2.989 0.73 2.766 c
0.736 3.169 l
0 3.169 l
h
f*
Q
q 1 0 0 1 510.0746 631.4399 cm
0 0 m
0 0.198 0.08 0.315 0.272 0.315 c
0.526 0.315 0.526 0.086 0.526 0 c
  0.526 -0.39 l
0 -0.39 l
h
-0.006 -0.91 m
1.257 -0.91 l
1.257 -0.006 l
1.257 0.179 1.219 0.439 1.04 0.625 c
0.848 0.81 0.563 0.903 0.272 0.903 c
0.049 0.903 -0.211 0.847 -0.396 0.718 c
-0.6 0.575 -0.737 0.353 -0.737 -0.044 c
-0.737 -1.38 l
-0.737 -2.018 -0.446 -2.395 0.278 -2.395 c
0.737 -2.395 1.244 -2.229 1.244 -1.541 c
1.244 -1.287 l
0.526 -1.287 l
0.526 -1.615 0.52 -1.652 0.464 -1.727 c
0.421 -1.782 0.353 -1.82 0.266 -1.82 c
-0.006 -1.82 -0.006 -1.566 -0.006 -1.43 c
h
f*
Q
Q
q
414 625.328 115.413 43.752 re
W n
0.503 0.51 0.52  scn
511.769 629.107 0.731 0.798 re
f*
0.855 0.125 0.216  scn
/GS1 gs
q 1 0 0 1 476.0617 656.7289 cm
0 0 m
0.061 6.655 -3.223 10.897 -7.786 10.897 c
-12.287 10.897 -15.662 7.138 -15.662 0.828 c
-15.662 0.764 l
-15.652 -1.026 -15.383 -2.804 -14.827 -4.423 c
-13.263 -8.978 -9.432 -12.292 -2.739 -10.484 c
-4.434 -11.361 -6.276 -11.781 -8.002 -11.724 c
-14.022 -11.586 -19.329 -6.448 -19.174 0.656 c
-19.019 6.241 -14.736 12.586 -7.381 12.344 c
-2.261 12.241 3.729 7.965 3.574 0.104 c
3.509 -3.183 2.381 -5.818 0.712 -7.76 c
2.818 -8.439 4.475 -9.412 4.818 -10.806 c
5.856 -15.019 -0.465 -16.668 1.082 -22.536 c
3.322 -31.028 31.038 -31.401 y
-2.091 -31.401 -14.042 -27.888 -13.094 -20.482 c
  -12.263 -13.982 -2.909 -14.393 -1.649 -11.033 c
-0.389 -7.673 -10.503 -6.2 y
-6.056 -6.261 -1.944 -7.085 v
-0.716 -5.344 0 -2.925 0 0 c
f
Q
Q
q
414 609.971 117 65.109 re
W n
0.855 0.125 0.216  scn
q 1 0 0 1 524.126 665.0553 cm
0 0 m
0 0.572 l
0.381 0.572 l
0.577 0.572 0.784 0.53 0.784 0.301 c
0.784 0.017 0.572 0 0.334 0 c
h
0 -0.237 m
0.322 -0.237 l
0.809 -1.038 l
1.123 -1.038 l
0.598 -0.225 l
0.868 -0.191 1.076 -0.047 1.076 0.284 c
1.076 0.649 0.86 0.81 0.424 0.81 c
-0.28 0.81 l
-0.28 -1.038 l
0 -1.038 l
h
-0.967 -0.11 m
-0.967 0.649 -0.394 1.221 0.339 1.221 c
1.064 1.221 1.636 0.649 1.636 -0.11 c
1.636 -0.882 1.064 -1.45 0.339 -1.45 c
-0.394 -1.45 -0.967 -0.882 -0.967 -0.11 c
0.339 -1.717 m
1.212 -1.717 1.958 -1.038 1.958 -0.11 c
1.958 0.81 1.212 1.488 0.339 1.488 c
-0.542 1.488 -1.289 0.81 -1.289 -0.11 c
-1.289 -1.038 -0.542 -1.717 0.339 -1.717 c
f*
Q
Q
BT
0 0 0  scn
/GS1 gs
/T1_0 1 Tf
8 0 0 8 416 675.1281 Tm
[(\037\036\035\034\033\032\031\034\033\030\034\033\036)70(\027\026\032\025\030\034\024\025\034\033)]TJ
ET
 