/PlacedPDF /MC0 BDC 
q
0 0 585 765 re
0 765 m
71.319 720.42 m
69.766 721.82 69.005 723.726 69.005 725.678 c
69.005 725.678 l
69.005 727.609 69.794 729.539 71.319 730.933 c
71.319 730.933 l
73.241 732.677 76.633 733.778 79.818 733.778 c
79.818 733.778 l
83.363 733.778 86.184 732.883 88.338 730.924 c
88.338 730.924 l
89.876 729.525 90.621 727.619 90.621 725.678 c
90.621 725.678 l
90.621 723.802 89.833 721.799 88.338 720.42 c
88.338 720.42 l
86.334 718.544 83.169 717.556 79.818 717.556 c
79.818 717.556 l
76.486 717.556 73.395 718.56 71.319 720.42 c
60.557 720.427 m
60.74 720.5 61.778 720.83 61.778 721.937 c
61.778 721.937 l
61.778 723.038 60.799 723.241 60.212 723.394 c
60.212 723.394 l
59.472 723.578 57.654 723.762 55.816 723.953 c
55.816 723.953 l
53.954 724.162 52.093 724.448 51.227 724.639 c
51.227 724.639 l
49.276 725.059 48.53 725.788 48.061 726.218 c
48.061 726.218 l
48.06 726.218 47.003 727.218 47.003 728.898 c
47.003 728.898 l
47.003 730.807 48.314 731.952 49.91 732.666 c
49.91 732.666 l
51.619 733.428 53.652 733.775 55.437 733.775 c
55.437 733.775 l
58.59 733.762 61.156 732.735 62.06 732.251 c
62.06 732.251 l
62.158 732.201 62.241 732.181 62.314 732.181 c
62.314 732.181 l
62.517 732.181 62.621 732.345 62.621 732.485 c
62.621 732.485 l
62.621 733.056 l
64.648 733.056 l
64.648 728.121 l
62.827 728.121 l
62.628 729.032 62.091 729.686 61.705 730.002 c
61.705 730.002 l
61.357 730.282 60.929 730.508 60.557 730.687 c
60.557 730.687 l
59.485 731.173 57.796 731.616 55.792 731.616 c
55.792 731.616 l
55.758 731.616 l
54.068 731.616 52.422 731.307 51.619 730.805 c
51.619 730.805 l
51.115 730.479 50.846 730.081 50.846 729.619 c
50.846 729.619 l
50.846 728.969 51.415 728.693 51.693 728.612 c
51.693 728.612 l
52.598 728.329 54.887 728.142 56.201 727.999 c
56.201 727.999 l
57.448 727.872 60.07 727.523 61.237 727.23 c
61.237 727.23 l
61.831 727.089 62.559 726.824 63.03 726.608 c
63.03 726.608 l
63.563 726.359 64.066 726.036 64.483 725.616 c
64.483 725.616 l
64.797 725.315 65.66 724.306 65.66 722.677 c
65.66 722.677 l
65.66 720.989 64.665 720.053 64.208 719.695 c
64.208 719.695 l
63.375 719.03 62.338 718.598 61.484 718.35 c
61.484 718.35 l
60.595 718.096 59.308 717.709 56.904 717.709 c
56.904 717.709 l
55.437 717.709 54.673 717.883 53.495 718.13 c
53.495 718.13 l
52.042 718.431 50.662 718.971 50.194 719.189 c
50.194 719.189 l
50.124 719.223 50.062 719.237 50.008 719.237 c
50.008 719.237 l
49.784 719.237 49.708 718.985 49.708 718.922 c
49.708 718.922 l
49.708 718.157 l
47.455 718.157 l
47.455 723.827 l
49.496 723.827 l
49.496 723.159 49.804 722.477 50.009 722.229 c
50.009 722.229 l
50.827 721.232 51.701 720.83 52.529 720.53 c
52.529 720.53 l
53.254 720.281 55.238 719.785 56.892 719.785 c
56.892 719.785 l
59.135 719.785 60.374 720.353 60.557 720.427 c
130.976 732.861 m
139.114 732.861 l
139.114 731.07 l
137.298 731.07 l
136.635 731.07 136.37 730.947 135.876 730.38 c
135.876 730.38 l
135.641 730.126 130.531 724.291 130.397 724.135 c
130.397 724.135 l
130.324 723.865 l
130.324 721.021 l
130.365 720.625 l
130.415 720.478 130.554 720.341 130.749 720.289 c
130.749 720.289 l
131.24 720.26 l
133.109 720.26 l
133.109 718.454 l
123.231 718.454 l
123.231 720.256 l
125.002 720.256 l
125.497 720.289 l
125.69 720.341 125.812 720.478 125.888 720.625 c
125.888 720.625 l
125.921 721.021 l
125.921 723.865 l
125.921 723.935 125.921 723.959 125.795 724.116 c
125.795 724.116 l
125.675 724.279 120.619 730.015 120.388 730.264 c
120.388 730.264 l
120.096 730.583 119.599 731.07 118.831 731.07 c
118.831 731.07 l
117.061 731.07 l
117.061 732.861 l
126.993 732.861 l
126.993 731.07 l
125.795 731.07 l
125.532 731.07 125.331 730.807 125.576 730.508 c
125.576 730.508 l
128.944 726.477 l
129.043 726.468 l
132.501 730.508 l
132.656 730.703 132.556 731.07 132.195 731.07 c
132.195 731.07 l
130.976 731.07 l
h
106.849 732.861 m
115.32 732.861 l
115.32 731.07 l
113.499 731.07 l
112.636 731.07 112.59 730.782 112.57 729.949 c
112.57 729.949 l
112.722 718.454 l
109.823 718.454 l
98.414 728.63 l
98.414 721.414 l
98.427 720.617 98.473 720.256 99.278 720.256 c
99.278 720.256 l
101.307 720.256 l
101.307 718.454 l
92.985 718.454 l
92.985 720.256 l
94.937 720.256 l
95.665 720.256 95.636 720.941 95.636 721.449 c
95.636 721.449 l
95.636 729.881 l
95.636 730.428 95.554 731.065 94.413 731.065 c
94.413 731.065 l
92.84 731.065 l
92.84 732.861 l
99.923 732.861 l
109.823 723.935 l
109.719 729.949 l
109.715 730.732 109.562 731.07 108.714 731.07 c
108.714 731.07 l
106.849 731.07 l
h
108.761 711.245 0.863 -1.471 re
106.245 711.245 0.859 -8.643 re
90.374 711.245 m
91.238 711.245 l
91.238 707.807 l
91.658 708.695 92.712 709.14 93.659 709.14 c
93.659 709.14 l
95.519 709.14 97.124 707.719 97.124 705.823 c
97.124 705.823 l
97.124 704.908 96.716 704.083 96.36 703.702 c
96.36 703.702 l
95.473 702.685 94.679 702.444 93.743 702.444 c
93.743 702.444 l
92.819 702.444 91.694 702.867 91.189 703.702 c
91.189 703.702 l
91.189 702.602 l
90.374 702.602 l
h
71.753 711.245 m
72.621 711.245 l
72.621 705.174 l
75.567 709.002 l
76.667 709.002 l
74.195 705.789 l
76.839 702.602 l
75.723 702.602 l
73.642 705.122 l
72.621 703.814 l
72.621 702.602 l
71.753 702.602 l
h
124.551 705.789 m
124.551 707.659 126.023 709.14 127.884 709.14 c
127.884 709.14 l
128.89 709.14 129.821 708.682 130.458 707.9 c
130.458 707.9 l
131.064 707.161 131.193 706.414 131.209 705.487 c
131.209 705.487 l
125.414 705.487 l
125.465 704.276 126.651 703.273 127.827 703.273 c
127.827 703.273 l
128.771 703.273 129.74 703.805 130.118 704.675 c
130.118 704.675 l
131.022 704.675 l
130.572 703.39 129.266 702.444 127.909 702.444 c
127.909 702.444 l
126.037 702.444 124.551 703.921 124.551 705.789 c
111.059 705.789 m
111.059 707.659 112.53 709.14 114.398 709.14 c
114.398 709.14 l
115.403 709.14 116.332 708.682 116.973 707.9 c
116.973 707.9 l
117.564 707.161 117.697 706.414 117.717 705.487 c
117.717 705.487 l
111.924 705.487 l
111.971 704.276 113.152 703.273 114.339 703.273 c
114.339 703.273 l
115.286 703.273 116.244 703.805 116.633 704.675 c
116.633 704.675 l
117.534 704.675 l
117.086 703.39 115.781 702.444 114.422 702.444 c
114.422 702.444 l
112.546 702.444 111.059 703.921 111.059 705.789 c
98.146 705.789 m
98.146 707.659 99.617 709.14 101.472 709.14 c
101.472 709.14 l
102.491 709.14 103.406 708.682 104.058 707.9 c
104.058 707.9 l
104.652 707.161 104.782 706.414 104.809 705.487 c
104.809 705.487 l
99.006 705.487 l
99.053 704.276 100.236 703.273 101.426 703.273 c
101.426 703.273 l
102.37 703.273 103.325 703.805 103.72 704.675 c
103.72 704.675 l
104.621 704.675 l
104.174 703.39 102.859 702.444 101.507 702.444 c
101.507 702.444 l
99.627 702.444 98.146 703.921 98.146 705.789 c
77.054 705.789 m
77.054 707.659 78.529 709.14 80.39 709.14 c
80.39 709.14 l
81.394 709.14 82.32 708.682 82.965 707.9 c
82.965 707.9 l
83.556 707.161 83.691 706.414 83.713 705.487 c
83.713 705.487 l
77.912 705.487 l
77.966 704.276 79.146 703.273 80.336 703.273 c
80.336 703.273 l
81.277 703.273 82.236 703.805 82.621 704.675 c
82.621 704.675 l
83.523 704.675 l
83.075 703.39 81.767 702.444 80.411 702.444 c
80.411 702.444 l
78.543 702.444 77.054 703.921 77.054 705.789 c
63.896 703.805 m
63.657 704.061 63.261 704.87 63.261 705.839 c
63.261 705.839 l
63.261 706.694 63.695 707.566 63.932 707.788 c
63.932 707.788 l
64.9 708.819 65.803 709.14 66.694 709.14 c
66.694 709.14 l
67.7 709.14 68.719 708.695 69.194 707.788 c
69.194 707.788 l
69.194 709.002 l
70.028 709.002 l
70.028 702.602 l
69.194 702.602 l
69.194 703.805 l
68.702 702.901 67.724 702.444 66.714 702.444 c
66.714 702.444 l
65.763 702.444 64.717 702.867 63.896 703.805 c
57.497 708.163 m
57.94 708.787 58.773 709.14 59.519 709.14 c
59.519 709.14 l
60.218 709.14 60.878 708.802 61.513 708.163 c
61.513 708.163 l
62.023 707.659 62.114 707 62.114 706.254 c
62.114 706.254 l
62.114 702.602 l
61.244 702.602 l
61.244 706.17 l
61.244 706.636 61.204 707.147 60.926 707.545 c
60.926 707.545 l
60.578 708.038 60.065 708.313 59.48 708.313 c
59.48 708.313 l
58.926 708.313 58.37 708.029 58.058 707.584 c
58.058 707.584 l
57.782 707.185 57.791 706.636 57.791 706.17 c
57.791 706.17 l
57.791 702.602 l
56.93 702.602 l
56.93 706.258 l
56.93 706.744 56.902 707.111 56.619 707.54 c
56.619 707.54 l
56.29 708.006 55.755 708.305 55.182 708.305 c
55.182 708.305 l
54.635 708.305 54.103 708.077 53.772 707.626 c
53.772 707.626 l
53.482 707.21 53.471 706.752 53.471 706.258 c
53.471 706.258 l
53.471 702.602 l
52.605 702.602 l
52.605 709.002 l
53.421 709.002 l
53.421 708.163 l
53.744 708.836 54.417 709.14 55.132 709.14 c
55.132 709.14 l
55.974 709.14 56.69 708.787 57.21 708.163 c
57.21 708.163 l
57.367 707.918 l
h
123.346 709.002 m
124.283 709.002 l
121.576 702.602 l
120.674 702.602 l
117.984 709.002 l
118.921 709.002 l
121.13 703.702 l
h
108.761 709.002 0.863 -6.4 re
85.548 703.76 m
85.548 704.441 86.105 705.004 86.791 705.004 c
86.791 705.004 l
87.48 705.004 88.029 704.441 88.029 703.76 c
88.029 703.76 l
88.029 703.068 87.48 702.508 86.791 702.508 c
86.791 702.508 l
86.105 702.508 85.548 703.068 85.548 703.76 c
47.384 261.161 183.46 -178.15 re
75.248 729.918 m
74.163 728.835 73.588 727.311 73.588 725.678 c
73.588 725.678 l
73.588 724.057 74.171 722.537 75.248 721.449 c
75.248 721.449 l
76.387 720.319 78.065 719.695 79.818 719.695 c
79.818 719.695 l
79.818 717.556 l
79.818 719.695 l
81.601 719.695 83.236 720.315 84.381 721.449 c
84.381 721.449 l
85.522 722.591 86.052 723.974 86.052 725.678 c
86.052 725.678 l
86.052 727.322 85.48 728.835 84.381 729.918 c
84.381 729.918 l
83.254 731.029 81.568 731.667 79.818 731.667 c
79.818 731.667 l
78.065 731.667 76.387 731.039 75.248 729.918 c
48.061 726.218 m
48.06 726.219 l
h
125.414 706.274 m
130.338 706.274 l
130.118 707.405 129.081 708.313 127.897 708.313 c
127.897 708.313 l
126.69 708.313 125.623 707.458 125.414 706.274 c
111.924 706.274 m
116.852 706.274 l
116.633 707.405 115.589 708.313 114.404 708.313 c
114.404 708.313 l
113.201 708.313 112.134 707.458 111.924 706.274 c
99.006 706.274 m
103.934 706.274 l
103.72 707.405 102.676 708.313 101.492 708.313 c
101.492 708.313 l
100.286 708.313 99.22 707.458 99.006 706.274 c
91.856 707.54 m
91.35 707.03 91.171 706.448 91.171 705.748 c
91.171 705.748 l
91.171 704.319 92.335 703.273 93.743 703.273 c
93.743 703.273 l
95.133 703.273 96.262 704.419 96.262 705.801 c
96.262 705.801 l
96.262 707.255 95.109 708.313 93.684 708.313 c
93.684 708.313 l
92.992 708.313 92.335 708.029 91.856 707.54 c
77.912 706.274 m
82.84 706.274 l
82.621 707.405 81.585 708.313 80.401 708.313 c
80.401 708.313 l
79.19 708.313 78.126 707.458 77.912 706.274 c
64.131 705.769 m
64.131 704.362 65.347 703.273 66.714 703.273 c
66.714 703.273 l
68.051 703.273 69.194 704.419 69.194 705.762 c
69.194 705.762 l
69.194 707.174 68.116 708.313 66.694 708.313 c
66.694 708.313 l
65.286 708.313 64.131 707.185 64.131 705.769 c
W n
q
/GS0 gs
609.1594391 0 0 785.781723 -3.3773804 -3.6985779 cm
/Im0 Do
Q
Q
q
57.497 708.163 m
57.367 707.918 l
57.21 708.163 l
56.69 708.787 55.974 709.14 55.132 709.14 c
55.132 709.14 l
54.417 709.14 53.744 708.836 53.421 708.163 c
53.421 708.163 l
53.421 709.002 l
52.605 709.002 l
52.605 702.602 l
53.471 702.602 l
53.471 706.258 l
53.471 706.752 53.482 707.21 53.772 707.626 c
53.772 707.626 l
54.103 708.077 54.635 708.305 55.182 708.305 c
55.182 708.305 l
55.755 708.305 56.29 708.006 56.619 707.54 c
56.619 707.54 l
56.902 707.111 56.93 706.744 56.93 706.258 c
56.93 706.258 l
56.93 702.602 l
57.791 702.602 l
57.791 706.17 l
57.791 706.636 57.782 707.185 58.058 707.584 c
58.058 707.584 l
58.37 708.029 58.926 708.313 59.48 708.313 c
59.48 708.313 l
60.065 708.313 60.578 708.038 60.926 707.545 c
60.926 707.545 l
61.204 707.147 61.244 706.636 61.244 706.17 c
61.244 706.17 l
61.244 702.602 l
62.114 702.602 l
62.114 706.254 l
62.114 707 62.023 707.659 61.513 708.163 c
61.513 708.163 l
60.878 708.802 60.218 709.14 59.519 709.14 c
59.519 709.14 l
58.773 709.14 57.94 708.787 57.497 708.163 c
W n
q
/GS0 gs
9.8690643 0 0 6.8062439 52.4338837 702.4500732 cm
/Im1 Do
Q
Q
q
63.932 707.788 m
63.695 707.566 63.261 706.694 63.261 705.839 c
63.261 705.839 l
63.261 704.87 63.657 704.061 63.896 703.805 c
63.896 703.805 l
64.717 702.867 65.763 702.444 66.714 702.444 c
66.714 702.444 l
67.724 702.444 68.702 702.901 69.194 703.805 c
69.194 703.805 l
69.194 702.602 l
70.028 702.602 l
70.028 709.002 l
69.194 709.002 l
69.194 707.788 l
68.719 708.695 67.7 709.14 66.694 709.14 c
66.694 709.14 l
65.803 709.14 64.9 708.819 63.932 707.788 c
64.131 705.769 m
64.131 707.185 65.286 708.313 66.694 708.313 c
66.694 708.313 l
68.116 708.313 69.194 707.174 69.194 705.762 c
69.194 705.762 l
69.194 704.419 68.051 703.273 66.714 703.273 c
66.714 703.273 l
65.347 703.273 64.131 704.362 64.131 705.769 c
W n
q
/GS0 gs
6.9764099 0 0 6.9764099 63.1537323 702.2799072 cm
/Im2 Do
Q
Q
q
71.753 711.245 m
71.753 702.602 l
72.621 702.602 l
72.621 703.814 l
73.642 705.122 l
75.723 702.602 l
76.839 702.602 l
74.195 705.789 l
76.667 709.002 l
75.567 709.002 l
72.621 705.174 l
72.621 711.245 l
h
W n
q
/GS0 gs
5.2748413 0 0 9.01828 71.6615448 702.4500122 cm
/Im3 Do
Q
Q
q
77.054 705.789 m
77.054 703.921 78.543 702.444 80.411 702.444 c
80.411 702.444 l
81.767 702.444 83.075 703.39 83.523 704.675 c
83.523 704.675 l
82.621 704.675 l
82.236 703.805 81.277 703.273 80.336 703.273 c
80.336 703.273 l
79.146 703.273 77.966 704.276 77.912 705.487 c
77.912 705.487 l
83.713 705.487 l
83.691 706.414 83.556 707.161 82.965 707.9 c
82.965 707.9 l
82.32 708.682 81.394 709.14 80.39 709.14 c
80.39 709.14 l
78.529 709.14 77.054 707.659 77.054 705.789 c
80.401 708.313 m
81.585 708.313 82.621 707.405 82.84 706.274 c
82.84 706.274 l
77.912 706.274 l
78.126 707.458 79.19 708.313 80.401 708.313 c
W n
q
/GS0 gs
6.9764099 0 0 6.9764099 76.9363861 702.2799072 cm
/Im4 Do
Q
Q
q
90.374 711.245 m
90.374 702.602 l
91.189 702.602 l
91.189 703.702 l
91.694 702.867 92.819 702.444 93.743 702.444 c
93.743 702.444 l
94.679 702.444 95.473 702.685 96.36 703.702 c
96.36 703.702 l
96.716 704.083 97.124 704.908 97.124 705.823 c
97.124 705.823 l
97.124 707.719 95.519 709.14 93.659 709.14 c
93.659 709.14 l
92.712 709.14 91.658 708.695 91.238 707.807 c
91.238 707.807 l
91.238 711.245 l
h
91.171 705.748 m
91.171 706.448 91.35 707.03 91.856 707.54 c
91.856 707.54 l
92.335 708.029 92.992 708.313 93.684 708.313 c
93.684 708.313 l
95.109 708.313 96.262 707.255 96.262 705.801 c
96.262 705.801 l
96.262 704.419 95.133 703.273 93.743 703.273 c
93.743 703.273 l
92.335 703.273 91.171 704.319 91.171 705.748 c
W n
q
/GS0 gs
7.1465607 0 0 9.188446 90.2085724 702.2798462 cm
/Im5 Do
Q
Q
q
98.146 705.789 m
98.146 703.921 99.627 702.444 101.507 702.444 c
101.507 702.444 l
102.859 702.444 104.174 703.39 104.621 704.675 c
104.621 704.675 l
103.72 704.675 l
103.325 703.805 102.37 703.273 101.426 703.273 c
101.426 703.273 l
100.236 703.273 99.053 704.276 99.006 705.487 c
99.006 705.487 l
104.809 705.487 l
104.782 706.414 104.652 707.161 104.058 707.9 c
104.058 707.9 l
103.406 708.682 102.491 709.14 101.472 709.14 c
101.472 709.14 l
99.617 709.14 98.146 707.659 98.146 705.789 c
101.492 708.313 m
102.676 708.313 103.72 707.405 103.934 706.274 c
103.934 706.274 l
99.006 706.274 l
99.22 707.458 100.286 708.313 101.492 708.313 c
W n
q
/GS0 gs
6.9764099 0 0 6.9764099 98.0357666 702.2799072 cm
/Im6 Do
Q
Q
q
106.245 702.602 0.859 8.643 re
W n
q
/GS0 gs
1.1910858 0 0 9.01828 106.0331268 702.4500122 cm
/Im7 Do
Q
Q
q
108.761 709.773 0.863 1.471 re
108.761 711.244 m
108.761 702.602 0.863 6.4 re
W n
q
/GS0 gs
1.1910858 0 0 9.01828 108.5854645 702.4500122 cm
/Im8 Do
Q
Q
q
111.059 705.789 m
111.059 703.921 112.546 702.444 114.422 702.444 c
114.422 702.444 l
115.781 702.444 117.086 703.39 117.534 704.675 c
117.534 704.675 l
116.633 704.675 l
116.244 703.805 115.286 703.273 114.339 703.273 c
114.339 703.273 l
113.152 703.273 111.971 704.276 111.924 705.487 c
111.924 705.487 l
117.717 705.487 l
117.697 706.414 117.564 707.161 116.973 707.9 c
116.973 707.9 l
116.332 708.682 115.403 709.14 114.398 709.14 c
114.398 709.14 l
112.53 709.14 111.059 707.659 111.059 705.789 c
114.404 708.313 m
115.589 708.313 116.633 707.405 116.852 706.274 c
116.852 706.274 l
111.924 706.274 l
112.134 707.458 113.201 708.313 114.404 708.313 c
W n
q
/GS0 gs
6.9764099 0 0 6.9764099 110.9676514 702.2799072 cm
/Im9 Do
Q
Q
q
123.346 709.002 m
121.13 703.702 l
118.921 709.002 l
117.984 709.002 l
120.674 702.602 l
121.576 702.602 l
124.283 709.002 l
h
W n
q
/GS0 gs
6.6360931 0 0 6.8062439 117.7739105 702.4500732 cm
/Im10 Do
Q
Q
q
124.551 705.789 m
124.551 703.921 126.037 702.444 127.909 702.444 c
127.909 702.444 l
129.266 702.444 130.572 703.39 131.022 704.675 c
131.022 704.675 l
130.118 704.675 l
129.74 703.805 128.771 703.273 127.827 703.273 c
127.827 703.273 l
126.651 703.273 125.465 704.276 125.414 705.487 c
125.414 705.487 l
131.209 705.487 l
131.193 706.414 131.064 707.161 130.458 707.9 c
130.458 707.9 l
129.821 708.682 128.89 709.14 127.884 709.14 c
127.884 709.14 l
126.023 709.14 124.551 707.659 124.551 705.789 c
127.897 708.313 m
129.081 708.313 130.118 707.405 130.338 706.274 c
130.338 706.274 l
125.414 706.274 l
125.623 707.458 126.69 708.313 127.897 708.313 c
W n
q
/GS0 gs
6.9764099 0 0 6.9764099 124.4100037 702.2799072 cm
/Im11 Do
Q
Q
q
85.548 703.76 m
85.548 703.068 86.105 702.508 86.791 702.508 c
86.791 702.508 l
87.48 702.508 88.029 703.068 88.029 703.76 c
88.029 703.76 l
88.029 704.441 87.48 705.004 86.791 705.004 c
86.791 705.004 l
86.105 705.004 85.548 704.441 85.548 703.76 c
W n
q
/GS0 gs
2.7225037 0 0 2.8926544 85.4441986 702.2799072 cm
/Im12 Do
Q
Q
q
71.319 730.933 m
69.794 729.539 69.005 727.609 69.005 725.678 c
69.005 725.678 l
69.005 723.726 69.766 721.82 71.319 720.42 c
71.319 720.42 l
73.395 718.56 76.486 717.556 79.818 717.556 c
79.818 717.556 l
79.818 719.695 l
78.065 719.695 76.387 720.319 75.248 721.449 c
75.248 721.449 l
74.171 722.537 73.588 724.057 73.588 725.678 c
73.588 725.678 l
73.588 727.311 74.163 728.835 75.248 729.918 c
75.248 729.918 l
76.387 731.039 78.065 731.667 79.818 731.667 c
79.818 731.667 l
81.568 731.667 83.254 731.029 84.381 729.918 c
84.381 729.918 l
85.48 728.835 86.052 727.322 86.052 725.678 c
86.052 725.678 l
86.052 723.974 85.522 722.591 84.381 721.449 c
84.381 721.449 l
83.236 720.315 81.601 719.695 79.818 719.695 c
79.818 719.695 l
79.818 717.556 l
83.169 717.556 86.334 718.544 88.338 720.42 c
88.338 720.42 l
89.833 721.799 90.621 723.802 90.621 725.678 c
90.621 725.678 l
90.621 727.619 89.876 729.525 88.338 730.924 c
88.338 730.924 l
86.184 732.883 83.363 733.778 79.818 733.778 c
79.818 733.778 l
76.633 733.778 73.241 732.677 71.319 730.933 c
49.91 732.666 m
48.314 731.952 47.003 730.807 47.003 728.898 c
47.003 728.898 l
47.003 727.218 48.06 726.218 48.061 726.218 c
48.061 726.218 l
48.53 725.788 49.276 725.059 51.227 724.639 c
51.227 724.639 l
52.093 724.448 53.954 724.162 55.816 723.953 c
55.816 723.953 l
57.654 723.762 59.472 723.578 60.212 723.394 c
60.212 723.394 l
60.799 723.241 61.778 723.038 61.778 721.937 c
61.778 721.937 l
61.778 720.83 60.74 720.5 60.557 720.427 c
60.557 720.427 l
60.374 720.353 59.135 719.785 56.892 719.785 c
56.892 719.785 l
55.238 719.785 53.254 720.281 52.529 720.53 c
52.529 720.53 l
51.701 720.83 50.827 721.232 50.009 722.229 c
50.009 722.229 l
49.804 722.477 49.496 723.159 49.496 723.827 c
49.496 723.827 l
47.455 723.827 l
47.455 718.157 l
49.708 718.157 l
49.708 718.922 l
49.708 718.985 49.784 719.237 50.008 719.237 c
50.008 719.237 l
50.062 719.237 50.124 719.223 50.194 719.189 c
50.194 719.189 l
50.662 718.971 52.042 718.431 53.495 718.13 c
53.495 718.13 l
54.673 717.883 55.437 717.709 56.904 717.709 c
56.904 717.709 l
59.308 717.709 60.595 718.096 61.484 718.35 c
61.484 718.35 l
62.338 718.598 63.375 719.03 64.208 719.695 c
64.208 719.695 l
64.665 720.053 65.66 720.989 65.66 722.677 c
65.66 722.677 l
65.66 724.306 64.797 725.315 64.483 725.616 c
64.483 725.616 l
64.066 726.036 63.563 726.359 63.03 726.608 c
63.03 726.608 l
62.559 726.824 61.831 727.089 61.237 727.23 c
61.237 727.23 l
60.07 727.523 57.448 727.872 56.201 727.999 c
56.201 727.999 l
54.887 728.142 52.598 728.329 51.693 728.612 c
51.693 728.612 l
51.415 728.693 50.846 728.969 50.846 729.619 c
50.846 729.619 l
50.846 730.081 51.115 730.479 51.619 730.805 c
51.619 730.805 l
52.422 731.307 54.068 731.616 55.758 731.616 c
55.758 731.616 l
55.792 731.616 l
57.796 731.616 59.485 731.173 60.557 730.687 c
60.557 730.687 l
60.929 730.508 61.357 730.282 61.705 730.002 c
61.705 730.002 l
62.091 729.686 62.628 729.032 62.827 728.121 c
62.827 728.121 l
64.648 728.121 l
64.648 733.056 l
62.621 733.056 l
62.621 732.485 l
62.621 732.345 62.517 732.181 62.314 732.181 c
62.314 732.181 l
62.241 732.181 62.158 732.201 62.06 732.251 c
62.06 732.251 l
61.156 732.735 58.59 733.762 55.437 733.775 c
55.437 733.775 l
53.652 733.775 51.619 733.428 49.91 732.666 c
130.976 732.861 m
130.976 731.07 l
132.195 731.07 l
132.556 731.07 132.656 730.703 132.501 730.508 c
132.501 730.508 l
129.043 726.468 l
128.944 726.477 l
125.576 730.508 l
125.331 730.807 125.532 731.07 125.795 731.07 c
125.795 731.07 l
126.993 731.07 l
126.993 732.861 l
117.061 732.861 l
117.061 731.07 l
118.831 731.07 l
119.599 731.07 120.096 730.583 120.388 730.264 c
120.388 730.264 l
120.619 730.015 125.675 724.279 125.795 724.116 c
125.795 724.116 l
125.921 723.959 125.921 723.935 125.921 723.865 c
125.921 723.865 l
125.921 721.021 l
125.888 720.625 l
125.812 720.478 125.69 720.341 125.497 720.289 c
125.497 720.289 l
125.002 720.256 l
123.231 720.256 l
123.231 718.454 l
133.109 718.454 l
133.109 720.26 l
131.24 720.26 l
130.749 720.289 l
130.554 720.341 130.415 720.478 130.365 720.625 c
130.365 720.625 l
130.324 721.021 l
130.324 723.865 l
130.397 724.135 l
130.531 724.291 135.641 730.126 135.876 730.38 c
135.876 730.38 l
136.37 730.947 136.635 731.07 137.298 731.07 c
137.298 731.07 l
139.114 731.07 l
139.114 732.861 l
h
106.849 732.861 m
106.849 731.07 l
108.714 731.07 l
109.562 731.07 109.715 730.732 109.719 729.949 c
109.719 729.949 l
109.823 723.935 l
99.923 732.861 l
92.84 732.861 l
92.84 731.065 l
94.413 731.065 l
95.554 731.065 95.636 730.428 95.636 729.881 c
95.636 729.881 l
95.636 721.449 l
95.636 720.941 95.665 720.256 94.937 720.256 c
94.937 720.256 l
92.985 720.256 l
92.985 718.454 l
101.307 718.454 l
101.307 720.256 l
99.278 720.256 l
98.473 720.256 98.427 720.617 98.414 721.414 c
98.414 721.414 l
98.414 728.63 l
109.823 718.454 l
112.722 718.454 l
112.57 729.949 l
112.59 730.782 112.636 731.07 113.499 731.07 c
113.499 731.07 l
115.32 731.07 l
115.32 732.861 l
h
W n
q
/GS0 gs
92.3948822 0 0 16.5051575 46.8187256 717.4238281 cm
/Im13 Do
Q
Q
q
468.355 54.372 75.071 31.69 re
W n
/CS2 cs 0.134 0.122 0.126  scn
/GS0 gs
q 1 0 0 1 503.4343 56.5917 cm
0 0 m
-0.603 -0.464 -1.946 -1.413 -3.59 -1.431 c
-4.358 -1.443 -4.969 -1.221 -5.422 -0.795 c
-5.878 -0.369 -6.105 0.204 -6.105 0.925 c
-6.105 1.82 -5.699 2.584 -4.884 3.203 c
-4.071 3.824 -2.287 4.274 -0.062 4.966 c
-0.062 6.084 l
-0.062 6.887 -0.195 7.542 -0.459 7.858 c
-0.724 8.17 -1.182 8.331 -1.838 8.331 c
-2.317 8.331 -2.984 8.214 -3.315 7.982 c
-3.647 7.749 -3.813 7.476 -3.813 7.155 c
-3.813 7.128 -3.798 7.036 -3.77 6.875 c
-3.741 6.716 -3.727 6.72 -3.727 6.603 c
-3.727 6.34 -3.82 6.227 -4.007 6.057 c
-4.194 5.883 -4.431 5.797 -4.721 5.797 c
-5.024 5.797 -5.268 5.889 -5.454 6.077 c
-5.642 6.265 -5.736 6.518 -5.736 6.834 c
-5.736 7.436 -5.375 7.962 -4.652 8.413 c
-3.931 8.862 -2.788 9.089 -1.755 9.089 c
-0.535 9.089 0.361 8.824 0.935 8.299 c
1.508 7.771 1.795 6.952 1.795 5.838 c
1.795 0.798 l
1.795 0.432 1.844 0.168 1.943 0.012 c
2.042 -0.15 2.203 -0.227 2.421 -0.227 c
2.589 -0.227 2.735 -0.197 2.863 -0.139 c
2.988 -0.081 3.136 0.025 3.307 0.175 c
3.572 -0.114 l
3.26 -0.538 2.911 -0.861 2.524 -1.089 c
2.137 -1.317 1.752 -1.431 1.363 -1.431 c
1.011 -1.431 0.724 -1.326 0.508 -1.109 c
0.287 -0.896 0.121 -0.481 0 0 c
-0.062 0.779 m
-0.062 4.18 l
-1.436 3.725 -2.533 3.213 -3.143 2.723 c
-3.756 2.229 -4.062 1.661 -4.062 1.02 c
-4.062 0.635 -3.877 0.295 -3.576 0.036 c
-3.248 -0.246 -2.767 -0.336 -2.287 -0.324 c
-1.872 -0.315 -1.469 -0.219 -1.078 -0.003 c
-0.688 0.211 -0.281 0.426 -0.062 0.779 c
f
Q
q 1 0 0 1 515.1548 55.091 cm
0 0 m
0 1.389 l
-0.486 0.94 -0.984 0.607 -1.492 0.393 c
-2 0.181 -2.539 0.072 -3.106 0.072 c
-4.37 0.072 -5.379 0.514 -6.128 1.396 c
-6.876 2.279 -7.248 3.399 -7.248 4.894 c
-7.248 6.533 -6.808 7.869 -5.929 8.905 c
-5.049 9.94 -3.934 10.458 -2.575 10.458 c
-2.065 10.458 -1.592 10.376 -1.159 10.204 c
-0.727 10.032 -0.341 9.786 0 9.462 c
0 12.249 l
0 12.778 -0.093 13.128 -0.272 13.306 c
-0.452 13.48 -0.8 13.568 -1.321 13.568 c
-1.549 13.568 l
-1.549 13.881 l
-0.842 14.039 -0.203 14.207 0.371 14.383 c
0.944 14.56 1.437 14.741 1.847 14.928 c
1.847 2.531 l
1.847 2.04 1.905 1.733 2.02 1.603 c
2.141 1.476 2.371 1.411 2.718 1.411 c
3.08 1.411 l
3.08 1.048 l
2.499 0.89 1.569 0.575 0.291 0.103 c
h
0 2.086 m
0 7.009 l
0 7.846 -0.253 8.389 -0.753 8.868 c
-1.257 9.345 -1.825 9.582 -2.461 9.582 c
-3.335 9.582 -4.037 9.233 -4.576 8.523 c
-5.111 7.818 -5.379 6.96 -5.379 5.805 c
-5.379 4.344 -5.077 3.436 -4.472 2.565 c
-3.864 1.691 -3.068 1.255 -2.078 1.255 c
-1.725 1.255 -1.371 1.327 -1.014 1.467 c
-0.659 1.61 -0.321 1.816 0 2.086 c
f
Q
q 1 0 0 1 536.6349 65.3869 cm
0 0 m
-0.229 0.205 -0.519 0.307 -0.872 0.307 c
-1.26 0.307 -1.667 0.147 -2.096 -0.164 c
-2.524 -0.482 -2.989 -0.961 -3.49 -1.602 c
-3.49 0.386 l
-3.903 0.235 -4.388 0.074 -4.944 -0.104 c
-5.503 -0.279 -6.18 -0.482 -6.976 -0.711 c
-6.976 -1.116 l
-6.634 -1.116 l
-6.12 -1.116 -5.779 -1.204 -5.609 -1.386 c
-5.441 -1.565 -5.357 -1.965 -5.357 -2.582 c
-5.357 -7.75 l
-5.357 -8.393 -5.474 -8.839 -5.71 -9.085 c
-5.945 -9.329 -6.386 -9.474 -7.038 -9.512 c
-7.038 -9.92 l
-1.661 -9.92 l
-1.661 -9.512 l
-2.396 -9.481 -2.882 -9.36 -3.125 -9.151 c
-3.366 -8.944 -3.49 -8.54 -3.49 -7.948 c
-3.49 -4.187 l
-3.446 -2.989 -3.09 -2.265 -2.738 -1.836 c
-2.425 -1.514 -2.351 -1.46 -2.115 -1.315 c
-2.018 -1.265 -1.932 -1.265 v
-1.819 -1.265 -1.619 -1.363 -1.324 -1.565 c
-1.031 -1.767 -0.668 -1.781 -0.476 -1.763 c
-0.223 -1.743 -0.047 -1.669 0.111 -1.491 c
0.268 -1.31 0.342 -1.072 0.342 -0.773 c
0.342 -0.458 0.228 -0.204 0 0 c
f
Q
q 1 0 0 1 495.4691 58.6396 cm
0 0 m
-0.402 -0.518 -0.834 -0.924 -1.299 -1.216 c
-1.912 -1.604 -2.828 -1.798 -3.431 -1.798 c
-4.531 -1.798 -5.497 -1.517 -6.319 -0.568 c
-7.007 0.229 -7.185 1.343 -7.228 1.857 c
-7.236 1.929 -7.243 2.021 -7.251 2.143 c
0.222 2.143 l
0.274 3.967 -0.275 5.291 -1.016 5.992 c
-1.758 6.693 -2.739 7.047 -3.954 7.047 c
-5.454 7.047 -6.67 6.543 -7.603 5.531 c
-8.532 4.519 -8.998 3.191 -8.998 1.547 c
-8.998 0.053 -8.564 -1.161 -7.703 -2.089 c
-6.839 -3.015 -5.72 -3.48 -4.348 -3.48 c
-1.64 -3.48 -0.277 -1.447 0.293 -0.219 c
h
-7.258 2.885 m
-7.243 3.111 -7.242 3.136 v
-7.173 4.026 -6.791 4.97 -6.301 5.428 c
-5.811 5.884 -5.191 6.122 -4.416 6.122 c
-3.74 6.122 -3.183 5.904 -2.744 5.473 c
-2.381 5.115 -2.11 4.597 -1.999 3.964 c
-1.912 3.484 -1.909 3.084 -2.062 2.956 c
-2.142 2.887 -2.588 2.882 -2.881 2.882 c
-7.258 2.883 l
h
f
Q
q 1 0 0 1 528.286 58.6922 cm
0 0 m
-0.412 -0.541 -0.856 -0.967 -1.337 -1.269 c
-1.954 -1.657 -2.869 -1.85 -3.471 -1.85 c
-4.571 -1.85 -5.538 -1.569 -6.358 -0.621 c
-7.048 0.178 -7.222 1.291 -7.268 1.804 c
-7.274 1.877 -7.283 1.969 -7.29 2.09 c
0.182 2.09 l
0.233 3.915 -0.314 5.239 -1.054 5.94 c
-1.798 6.641 -2.779 6.995 -3.993 6.995 c
-5.493 6.995 -6.709 6.49 -7.641 5.478 c
-8.571 4.467 -9.037 3.138 -9.037 1.494 c
-9.037 0 -8.605 -1.214 -7.743 -2.142 c
-6.878 -3.068 -5.759 -3.532 -4.388 -3.532 c
-3.284 -3.532 -2.109 -3.135 -1.298 -2.502 c
-0.606 -1.959 -0.085 -1.094 0.287 -0.217 c
h
-7.298 2.832 m
-7.282 3.058 -7.279 3.084 v
-7.211 3.973 -6.831 4.918 -6.34 5.375 c
-5.85 5.832 -5.226 6.069 -4.454 6.069 c
-3.78 6.069 -3.225 5.851 -2.782 5.42 c
-2.418 5.063 -2.149 4.544 -2.037 3.912 c
-1.954 3.431 -1.951 3.031 -2.101 2.903 c
-2.179 2.834 -2.627 2.83 -2.92 2.83 c
-7.298 2.83 l
h
f
Q
0.52 0.11 0.297  scn
q 1 0 0 1 493.7545 74.2727 cm
0 0 m
-4.421 -2.908 -6.392 -6.159 -8.221 -9.899 c
-8.565 -1.457 -6.043 3.432 v
-3.973 7.445 0.037 10.379 y
0.037 0.032 l
h
f
Q
q 1 0 0 1 498.1172 72.0437 cm
0 0 m
0 10.304 l
-1.461 9.853 -3.022 8.781 y
-3.022 1.382 l
-6.78 -0.484 -9.713 -4.199 v
-5.74 -1.074 0 0 y
f
Q
0.134 0.122 0.126  scn
q 1 0 0 1 485.6332 56.0578 cm
0 0 m
-0.179 0.071 -0.423 0.259 -0.438 0.273 c
-0.768 0.52 -1.15 0.875 -1.593 1.337 c
-2.502 2.29 -3.893 3.969 -5.762 6.37 c
-4.598 6.64 -3.72 7.086 -3.122 7.706 c
-2.52 8.325 -2.222 9.104 -2.222 10.043 c
-2.222 11.243 -2.645 12.159 -3.495 12.796 c
-4.344 13.429 -5.575 13.745 -7.187 13.745 c
-14.244 13.745 l
-14.244 13.302 l
-13.496 13.265 -12.985 13.135 -12.72 12.916 c
-12.43 12.672 -12.287 12.203 -12.287 11.508 c
-12.287 1.88 l
-12.287 1.103 -12.422 0.569 -12.699 0.281 c
-12.974 -0.011 -13.477 -0.156 -14.198 -0.156 c
-14.244 -0.156 l
-14.244 -0.59 l
-8.072 -0.59 l
-8.072 -0.153 l
-8.823 -0.145 -9.344 -0.004 -9.631 0.281 c
-9.926 0.569 -10.073 1.103 -10.073 1.88 c
-10.073 5.934 l
-8.209 5.934 l
-7.304 4.713 -6.407 3.56 -5.515 2.474 c
-4.617 1.39 -3.727 0.367 -2.835 -0.59 c
0.617 -0.59 l
0.617 -0.158 l
0.369 -0.149 0 0 v
-10.073 6.794 m
-10.073 11.844 l
-10.073 12.323 -9.99 12.631 -9.832 12.769 c
-9.675 12.908 -9.278 12.976 -8.644 12.976 c
-7.243 12.976 -6.213 12.733 -5.569 12.249 c
-4.92 11.763 -4.596 10.996 -4.596 9.951 c
-4.596 8.812 -5.034 7.939 -5.762 7.461 c
-6.516 6.965 -7.85 6.706 -10.073 6.794 c
f
Q
q 1 0 0 1 538.085 57.6949 cm
0 0 m
0 -0.285 l
-0.806 -0.285 l
-0.806 -2.391 l
-1.133 -2.391 l
-1.133 -0.285 l
-1.939 -0.285 l
-1.939 0 l
h
f
Q
q 1 0 0 1 538.3748 57.6949 cm
0 0 m
0.465 0 l
1.151 -2.021 l
1.834 0 l
2.295 0 l
2.295 -2.391 l
1.986 -2.391 l
1.986 -0.98 l
1.986 -0.931 1.987 -0.85 1.99 -0.738 c
1.991 -0.624 1.992 -0.503 1.992 -0.374 c
1.309 -2.391 l
0.989 -2.391 l
0.299 -0.374 l
0.299 -0.447 l
0.299 -0.506 0.301 -0.595 0.304 -0.715 c
0.307 -0.835 0.309 -0.923 0.309 -0.98 c
0.309 -2.391 l
0 -2.391 l
h
f
Q
1 1 1  scn
q 1 0 0 1 503.4343 146.2544 cm
0 0 m
-0.603 -0.463 -1.946 -1.413 -3.59 -1.431 c
-4.358 -1.443 -4.969 -1.221 -5.422 -0.795 c
-5.878 -0.368 -6.105 0.204 -6.105 0.925 c
-6.105 1.82 -5.699 2.584 -4.884 3.203 c
-4.071 3.825 -2.287 4.274 -0.062 4.966 c
-0.062 6.084 l
-0.062 6.887 -0.195 7.542 -0.459 7.858 c
-0.724 8.171 -1.182 8.331 -1.838 8.331 c
-2.317 8.331 -2.984 8.214 -3.315 7.982 c
-3.647 7.749 -3.813 7.476 -3.813 7.155 c
-3.813 7.128 -3.798 7.037 -3.77 6.875 c
-3.741 6.716 -3.727 6.72 -3.727 6.603 c
-3.727 6.34 -3.82 6.227 -4.007 6.057 c
-4.194 5.883 -4.431 5.797 -4.721 5.797 c
-5.024 5.797 -5.268 5.89 -5.454 6.077 c
-5.642 6.266 -5.736 6.518 -5.736 6.834 c
-5.736 7.436 -5.375 7.962 -4.652 8.414 c
-3.931 8.862 -2.788 9.089 -1.755 9.089 c
-0.535 9.089 0.361 8.824 0.935 8.299 c
1.508 7.771 1.795 6.952 1.795 5.838 c
1.795 0.798 l
1.795 0.433 1.844 0.169 1.943 0.012 c
2.042 -0.149 2.203 -0.227 2.421 -0.227 c
2.589 -0.227 2.735 -0.197 2.863 -0.138 c
2.988 -0.081 3.136 0.025 3.307 0.175 c
3.572 -0.114 l
3.26 -0.538 2.911 -0.861 2.524 -1.088 c
2.137 -1.317 1.752 -1.431 1.363 -1.431 c
1.011 -1.431 0.724 -1.326 0.508 -1.109 c
0.287 -0.896 0.121 -0.481 0 0 c
-0.062 0.779 m
-0.062 4.181 l
-1.436 3.725 -2.533 3.213 -3.143 2.722 c
-3.756 2.229 -4.062 1.662 -4.062 1.02 c
-4.062 0.635 -3.877 0.295 -3.576 0.036 c
-3.248 -0.245 -2.767 -0.336 -2.287 -0.324 c
-1.872 -0.315 -1.469 -0.219 -1.078 -0.003 c
-0.688 0.212 -0.281 0.426 -0.062 0.779 c
f
Q
q 1 0 0 1 515.1548 144.754 cm
0 0 m
0 1.389 l
-0.486 0.94 -0.984 0.607 -1.492 0.393 c
-2 0.181 -2.539 0.072 -3.106 0.072 c
-4.37 0.072 -5.379 0.514 -6.128 1.396 c
-6.876 2.279 -7.248 3.399 -7.248 4.894 c
-7.248 6.532 -6.808 7.869 -5.929 8.905 c
-5.049 9.94 -3.934 10.458 -2.575 10.458 c
-2.065 10.458 -1.592 10.375 -1.159 10.204 c
-0.727 10.032 -0.341 9.785 0 9.462 c
0 12.249 l
0 12.778 -0.093 13.128 -0.272 13.306 c
-0.452 13.48 -0.8 13.568 -1.321 13.568 c
-1.549 13.568 l
-1.549 13.881 l
-0.842 14.039 -0.203 14.207 0.371 14.383 c
0.944 14.56 1.437 14.741 1.847 14.928 c
1.847 2.531 l
1.847 2.04 1.905 1.733 2.02 1.603 c
2.141 1.476 2.371 1.411 2.718 1.411 c
3.08 1.411 l
3.08 1.047 l
2.499 0.89 1.569 0.574 0.291 0.103 c
h
0 2.086 m
0 7.008 l
0 7.846 -0.253 8.389 -0.753 8.867 c
-1.257 9.345 -1.825 9.582 -2.461 9.582 c
-3.335 9.582 -4.037 9.233 -4.576 8.523 c
-5.111 7.818 -5.379 6.959 -5.379 5.805 c
-5.379 4.344 -5.077 3.435 -4.472 2.565 c
-3.864 1.691 -3.068 1.255 -2.078 1.255 c
-1.725 1.255 -1.371 1.326 -1.014 1.467 c
-0.659 1.61 -0.321 1.816 0 2.086 c
f
Q
q 1 0 0 1 536.6349 155.05 cm
0 0 m
-0.229 0.205 -0.519 0.306 -0.872 0.306 c
-1.26 0.306 -1.667 0.146 -2.096 -0.165 c
-2.524 -0.482 -2.989 -0.961 -3.49 -1.603 c
-3.49 0.386 l
-3.903 0.235 -4.388 0.074 -4.944 -0.104 c
-5.503 -0.279 -6.18 -0.482 -6.976 -0.712 c
-6.976 -1.116 l
-6.634 -1.116 l
-6.12 -1.116 -5.779 -1.204 -5.609 -1.386 c
-5.441 -1.565 -5.357 -1.965 -5.357 -2.582 c
-5.357 -7.75 l
-5.357 -8.393 -5.474 -8.839 -5.71 -9.085 c
-5.945 -9.33 -6.386 -9.474 -7.038 -9.512 c
-7.038 -9.92 l
-1.661 -9.92 l
-1.661 -9.512 l
-2.396 -9.481 -2.882 -9.36 -3.125 -9.151 c
-3.366 -8.944 -3.49 -8.54 -3.49 -7.948 c
-3.49 -4.187 l
-3.446 -2.989 -3.09 -2.264 -2.738 -1.836 c
-2.425 -1.514 -2.351 -1.46 -2.115 -1.315 c
-2.018 -1.265 -1.932 -1.265 v
-1.819 -1.265 -1.619 -1.363 -1.324 -1.565 c
-1.031 -1.768 -0.668 -1.781 -0.476 -1.763 c
-0.223 -1.743 -0.047 -1.669 0.111 -1.491 c
0.268 -1.31 0.342 -1.072 0.342 -0.773 c
0.342 -0.458 0.228 -0.204 0 0 c
f
Q
q 1 0 0 1 495.4691 148.3027 cm
0 0 m
-0.402 -0.518 -0.834 -0.924 -1.299 -1.216 c
-1.912 -1.604 -2.828 -1.798 -3.431 -1.798 c
-4.531 -1.798 -5.497 -1.517 -6.319 -0.568 c
-7.007 0.229 -7.185 1.343 -7.228 1.857 c
-7.236 1.929 -7.243 2.021 -7.251 2.143 c
0.222 2.143 l
0.274 3.967 -0.275 5.291 -1.016 5.992 c
-1.758 6.693 -2.739 7.047 -3.954 7.047 c
-5.454 7.047 -6.67 6.542 -7.603 5.531 c
-8.532 4.519 -8.998 3.191 -8.998 1.547 c
-8.998 0.053 -8.564 -1.161 -7.703 -2.09 c
-6.839 -3.015 -5.72 -3.48 -4.348 -3.48 c
-1.64 -3.48 -0.277 -1.447 0.293 -0.219 c
h
-7.258 2.884 m
-7.243 3.111 -7.242 3.136 v
-7.173 4.026 -6.791 4.97 -6.301 5.428 c
-5.811 5.884 -5.191 6.122 -4.416 6.122 c
-3.74 6.122 -3.183 5.903 -2.744 5.473 c
-2.381 5.115 -2.11 4.597 -1.999 3.964 c
-1.912 3.484 -1.909 3.084 -2.062 2.956 c
-2.142 2.886 -2.588 2.882 -2.881 2.882 c
-7.258 2.883 l
h
f
Q
q 1 0 0 1 528.286 148.3553 cm
0 0 m
-0.412 -0.542 -0.856 -0.967 -1.337 -1.269 c
-1.954 -1.657 -2.869 -1.85 -3.471 -1.85 c
-4.571 -1.85 -5.538 -1.57 -6.358 -0.621 c
-7.048 0.177 -7.222 1.29 -7.268 1.804 c
-7.274 1.877 -7.283 1.968 -7.29 2.09 c
0.182 2.09 l
0.233 3.914 -0.314 5.239 -1.054 5.94 c
-1.798 6.641 -2.779 6.995 -3.993 6.995 c
-5.493 6.995 -6.709 6.49 -7.641 5.478 c
-8.571 4.467 -9.037 3.138 -9.037 1.494 c
-9.037 0 -8.605 -1.214 -7.743 -2.142 c
-6.878 -3.068 -5.759 -3.533 -4.388 -3.533 c
-3.284 -3.533 -2.109 -3.135 -1.298 -2.502 c
-0.606 -1.959 -0.085 -1.094 0.287 -0.217 c
h
-7.298 2.832 m
-7.282 3.058 -7.279 3.084 v
-7.211 3.973 -6.831 4.917 -6.34 5.375 c
-5.85 5.832 -5.226 6.069 -4.454 6.069 c
-3.78 6.069 -3.225 5.851 -2.782 5.42 c
-2.418 5.062 -2.149 4.544 -2.037 3.912 c
-1.954 3.431 -1.951 3.031 -2.101 2.903 c
-2.179 2.834 -2.627 2.83 -2.92 2.83 c
-7.298 2.83 l
h
f
Q
q 1 0 0 1 493.7545 163.9353 cm
0 0 m
-4.421 -2.908 -6.392 -6.159 -8.221 -9.899 c
-8.565 -1.457 -6.043 3.432 v
-3.973 7.445 0.037 10.379 y
0.037 0.032 l
h
f
Q
q 1 0 0 1 498.1172 161.7064 cm
0 0 m
0 10.304 l
-1.461 9.853 -3.022 8.781 y
-3.022 1.383 l
-6.78 -0.484 -9.713 -4.199 v
-5.74 -1.074 0 0 y
f
Q
q 1 0 0 1 485.6332 145.7206 cm
0 0 m
-0.179 0.071 -0.423 0.259 -0.438 0.273 c
-0.768 0.52 -1.15 0.875 -1.593 1.337 c
-2.502 2.29 -3.893 3.97 -5.762 6.371 c
-4.598 6.64 -3.72 7.086 -3.122 7.706 c
-2.52 8.325 -2.222 9.104 -2.222 10.044 c
-2.222 11.243 -2.645 12.159 -3.495 12.796 c
-4.344 13.43 -5.575 13.746 -7.187 13.746 c
-14.244 13.746 l
-14.244 13.302 l
-13.496 13.265 -12.985 13.135 -12.72 12.916 c
-12.43 12.672 -12.287 12.204 -12.287 11.508 c
-12.287 1.88 l
-12.287 1.103 -12.422 0.569 -12.699 0.281 c
-12.974 -0.01 -13.477 -0.156 -14.198 -0.156 c
-14.244 -0.156 l
-14.244 -0.59 l
-8.072 -0.59 l
-8.072 -0.153 l
-8.823 -0.145 -9.344 -0.004 -9.631 0.281 c
-9.926 0.569 -10.073 1.103 -10.073 1.88 c
-10.073 5.933 l
-8.209 5.933 l
-7.304 4.714 -6.407 3.56 -5.515 2.474 c
-4.617 1.391 -3.727 0.367 -2.835 -0.59 c
0.617 -0.59 l
0.617 -0.157 l
0.369 -0.149 0 0 v
-10.073 6.794 m
-10.073 11.844 l
-10.073 12.323 -9.99 12.631 -9.832 12.769 c
-9.675 12.908 -9.278 12.977 -8.644 12.977 c
-7.243 12.977 -6.213 12.734 -5.569 12.249 c
-4.92 11.764 -4.596 10.996 -4.596 9.951 c
-4.596 8.812 -5.034 7.939 -5.762 7.461 c
-6.516 6.965 -7.85 6.706 -10.073 6.794 c
f
Q
q 1 0 0 1 538.085 147.5361 cm
0 0 m
0 -0.285 l
-0.806 -0.285 l
-0.806 -2.391 l
-1.133 -2.391 l
-1.133 -0.285 l
-1.939 -0.285 l
-1.939 0 l
h
f
Q
q 1 0 0 1 538.3748 147.5361 cm
0 0 m
0.465 0 l
1.151 -2.021 l
1.834 0 l
2.295 0 l
2.295 -2.391 l
1.986 -2.391 l
1.986 -0.98 l
1.986 -0.931 1.987 -0.85 1.99 -0.738 c
1.991 -0.625 1.992 -0.504 1.992 -0.374 c
1.309 -2.391 l
0.989 -2.391 l
0.299 -0.374 l
0.299 -0.448 l
0.299 -0.506 0.301 -0.595 0.304 -0.716 c
0.307 -0.836 0.309 -0.923 0.309 -0.98 c
0.309 -2.391 l
0 -2.391 l
h
f
Q
Q
q
47.384 201.755 61.197 59.406 re
W n
q
/GS0 gs
61.3301086 0 0 59.5379944 47.2512512 201.7552338 cm
/Im14 Do
Q
Q
q
108.448 201.755 61.331 59.406 re
W n
q
/GS0 gs
61.3301086 0 0 59.5379944 108.4486084 201.7552338 cm
/Im15 Do
Q
Q
q
169.645 201.755 61.199 59.406 re
W n
q
/GS0 gs
61.3301086 0 0 59.5379944 169.6459503 201.7552338 cm
/Im16 Do
Q
Q
q
47.384 142.284 61.197 59.604 re
W n
q
/GS0 gs
61.3301086 0 0 59.6043549 47.2512512 142.2836151 cm
/Im17 Do
Q
Q
q
108.448 142.284 61.331 59.604 re
W n
q
/GS0 gs
61.3301086 0 0 59.6043549 108.4486084 142.2836151 cm
/Im18 Do
Q
Q
q
169.645 142.284 61.199 59.604 re
W n
q
/GS0 gs
61.3301086 0 0 59.6043549 169.6459503 142.2836151 cm
/Im19 Do
Q
Q
q
47.384 83.012 61.197 59.405 re
W n
q
/GS0 gs
61.3301086 0 0 59.5379944 47.2512512 82.8783722 cm
/Im20 Do
Q
Q
q
108.448 83.012 61.331 59.405 re
W n
q
/GS0 gs
61.3301086 0 0 59.5379944 108.4486084 82.8783722 cm
/Im21 Do
Q
Q
q
169.645 83.012 61.199 59.405 re
W n
q
/GS0 gs
61.3301086 0 0 59.5379944 169.6459503 82.8783722 cm
/Im22 Do
Q
Q
/CS2 cs 0.331 0.332 0.331  scn
/GS0 gs
q 1 0 0 1 91.1682 65.1326 cm
0 0 m
-2.841 0 l
-2.841 -9.231 l
-3.087 -9.461 l
-4.193 -9.461 l
-4.439 -9.231 l
-4.439 0 l
-7.265 0 l
-7.496 0.23 l
-7.496 1.06 l
-7.265 1.291 l
0 1.291 l
0.246 1.06 l
0.246 0.23 l
h
f
Q
q
0 0 585 765 re
W n
q 1 0 0 1 99.0313 55.6712 cm
0 0 m
-1.06 0 l
-1.29 0.23 l
-1.29 5.375 l
-1.29 6.405 -1.475 6.943 -2.105 6.943 c
-2.734 6.943 -4.055 6.159 -4.486 5.514 c
-4.486 0.23 l
-4.731 0 l
-5.76 0 l
-6.006 0.23 l
-6.006 11.289 l
-5.76 11.52 l
-4.731 11.52 l
-4.486 11.289 l
-4.486 7.173 l
-4.624 6.697 l
-4.24 7.127 -2.841 8.202 -1.644 8.202 c
-0.215 8.202 0.23 7.189 0.23 5.499 c
0.23 0.23 l
h
f
Q
q 1 0 0 1 103.1922 65.3477 cm
0 0 m
-1.505 0 l
-1.736 0.262 l
-1.736 1.459 l
-1.505 1.72 l
0 1.72 l
0.23 1.459 l
0.23 0.262 l
h
-0.23 -9.677 m
-1.275 -9.677 l
-1.521 -9.445 l
-1.521 -1.873 l
-1.275 -1.644 l
-0.23 -1.644 l
0 -1.873 l
0 -9.445 l
h
f
Q
q 1 0 0 1 107.6921 55.5018 cm
0 0 m
-0.922 0 -1.598 0.108 -2.273 0.324 c
-2.473 0.538 l
-2.473 1.352 l
-2.212 1.537 l
-1.536 1.383 -0.768 1.246 -0.03 1.246 c
0.614 1.246 1.229 1.612 1.229 2.289 c
1.229 3.764 -2.473 3.427 -2.473 6.083 c
-2.473 7.619 -1.337 8.372 0.215 8.372 c
0.998 8.372 1.582 8.279 2.212 8.034 c
2.38 7.834 l
2.38 7.02 l
2.165 6.82 l
1.566 6.974 0.952 7.128 0.323 7.128 c
-0.445 7.128 -0.937 6.774 -0.937 6.144 c
-0.937 4.562 2.78 4.901 2.78 2.319 c
2.78 0.768 1.628 0 0 0 c
f
Q
q 1 0 0 1 117.5669 65.3477 cm
0 0 m
-1.505 0 l
-1.736 0.262 l
-1.736 1.459 l
-1.505 1.72 l
0 1.72 l
0.23 1.459 l
0.23 0.262 l
h
-0.23 -9.677 m
-1.275 -9.677 l
-1.521 -9.445 l
-1.521 -1.873 l
-1.275 -1.644 l
-0.23 -1.644 l
0 -1.873 l
0 -9.445 l
h
f
Q
q 1 0 0 1 122.0661 55.5018 cm
0 0 m
-0.922 0 -1.598 0.108 -2.273 0.324 c
-2.473 0.538 l
-2.473 1.352 l
-2.212 1.537 l
-1.536 1.383 -0.768 1.246 -0.03 1.246 c
0.614 1.246 1.229 1.612 1.229 2.289 c
1.229 3.764 -2.473 3.427 -2.473 6.083 c
-2.473 7.619 -1.337 8.372 0.215 8.372 c
0.998 8.372 1.582 8.279 2.212 8.034 c
2.38 7.834 l
2.38 7.02 l
2.165 6.82 l
1.566 6.974 0.952 7.128 0.323 7.128 c
-0.445 7.128 -0.937 6.774 -0.937 6.144 c
-0.937 4.562 2.78 4.901 2.78 2.319 c
2.78 0.768 1.628 0 0 0 c
f
Q
q 1 0 0 1 136.103 59.9879 cm
0 0 m
-0.184 -0.185 l
-4.7 -0.185 l
-4.7 -0.431 l
-4.7 -2.335 -4.07 -3.227 -2.795 -3.227 c
-2.073 -3.227 -1.137 -3.073 -0.353 -2.811 c
-0.138 -2.949 l
-0.138 -3.78 l
-0.323 -4.025 l
-1.075 -4.301 -1.873 -4.486 -2.919 -4.486 c
-4.838 -4.486 -6.267 -3.349 -6.267 -0.554 c
-6.267 1.719 -5.468 3.886 -2.857 3.886 c
-1.198 3.886 0.061 2.825 0.061 1.105 c
0.061 0.691 0.061 0.352 0 0 c
-1.337 1.105 m
-1.337 2.058 -1.951 2.687 -2.903 2.687 c
-4.086 2.687 -4.546 1.812 -4.669 0.906 c
-1.337 0.906 l
h
f
Q
q 1 0 0 1 142.2764 59.7416 cm
0 0 m
-4.286 0 l
-4.516 0.23 l
-4.516 1.092 l
-4.286 1.337 l
0 1.337 l
0.229 1.092 l
0.229 0.23 l
h
f
Q
q 1 0 0 1 146.1147 62.4299 cm
0 0 m
0.292 0.584 0.738 1.49 1.859 1.49 c
2.12 1.49 2.672 1.305 2.98 1.197 c
3.119 0.921 l
2.505 -0.369 l
2.244 -0.431 l
2.136 -0.277 1.705 0.183 1.521 0.183 c
0.891 0.183 0.384 -0.86 0.047 -1.583 c
0.047 -6.543 l
-0.183 -6.759 l
-1.259 -6.759 l
-1.473 -6.543 l
-1.473 -0.661 l
-1.627 0 -1.752 0.491 -1.935 1.014 c
-1.765 1.305 l
-0.768 1.536 l
-0.476 1.428 l
-0.277 0.937 -0.123 0.399 -0.061 -0.124 c
h
f
Q
q 1 0 0 1 155.7299 59.9879 cm
0 0 m
-0.185 -0.185 l
-4.7 -0.185 l
-4.7 -0.431 l
-4.7 -2.335 -4.07 -3.227 -2.797 -3.227 c
-2.074 -3.227 -1.137 -3.073 -0.353 -2.811 c
-0.138 -2.949 l
-0.138 -3.78 l
-0.324 -4.025 l
-1.076 -4.301 -1.875 -4.486 -2.919 -4.486 c
-4.84 -4.486 -6.267 -3.349 -6.267 -0.554 c
-6.267 1.719 -5.47 3.886 -2.858 3.886 c
-1.198 3.886 0.062 2.825 0.062 1.105 c
0.062 0.691 0.062 0.352 0 0 c
-1.337 1.105 m
-1.337 2.058 -1.952 2.687 -2.904 2.687 c
-4.086 2.687 -4.548 1.812 -4.67 0.906 c
-1.337 0.906 l
h
f
Q
q 1 0 0 1 163.4847 55.6399 cm
0 0 m
-0.998 -0.229 l
-1.29 -0.123 l
-1.413 0.262 -1.612 0.831 -1.735 1.429 c
-2.105 0.907 -3.471 -0.138 -4.715 -0.138 c
-5.59 -0.138 -6.436 0.86 -6.436 2.166 c
-6.436 3.78 -5.561 4.317 -3.409 4.317 c
-1.828 4.317 l
-1.828 5.608 l
-1.828 6.652 -2.181 6.99 -3.087 6.99 c
-4.193 6.99 -4.976 6.821 -5.483 6.713 c
-5.713 6.912 l
-5.713 7.727 l
-5.529 7.926 l
-4.961 8.095 -4.039 8.233 -2.902 8.233 c
-1.151 8.233 -0.306 7.557 -0.306 5.823 c
-0.306 1.966 l
-0.154 1.275 0 0.768 0.17 0.292 c
h
-1.828 3.302 m
-3.471 3.302 l
-4.547 3.302 -4.807 2.996 -4.807 2.258 c
-4.807 1.583 -4.531 1.092 -4.239 1.092 c
-3.609 1.092 -2.272 1.875 -1.828 2.52 c
h
f
Q
q 1 0 0 1 171.9475 55.6399 cm
0 0 m
-0.998 -0.229 l
-1.291 -0.123 l
-1.46 0.201 -1.599 0.645 -1.706 1.23 c
-2.105 0.799 -3.302 -0.138 -4.486 -0.138 c
-5.99 -0.138 -6.851 1.813 -6.851 3.856 c
-6.851 6.605 -5.823 8.233 -2.949 8.233 c
-2.427 8.233 -2.228 8.157 -1.813 8.095 c
-1.813 11.321 l
-1.583 11.551 l
-0.538 11.551 l
-0.292 11.321 l
-0.292 1.966 l
-0.154 1.23 0.03 0.6 0.168 0.292 c
h
-1.813 6.79 m
-2.228 6.882 -2.55 6.974 -3.073 6.974 c
-4.793 6.974 -5.3 5.914 -5.3 3.979 c
-5.3 2.75 -4.901 1.121 -4.133 1.121 c
-3.487 1.121 -2.274 1.798 -1.813 2.443 c
h
f
Q
q 1 0 0 1 175.6318 65.3477 cm
0 0 m
-1.505 0 l
-1.735 0.262 l
-1.735 1.459 l
-1.505 1.72 l
0 1.72 l
0.23 1.459 l
0.23 0.262 l
h
-0.23 -9.677 m
-1.275 -9.677 l
-1.52 -9.445 l
-1.52 -1.873 l
-1.275 -1.644 l
-0.23 -1.644 l
0 -1.873 l
0 -9.445 l
h
f
Q
q 1 0 0 1 182.4662 63.8732 cm
0 0 m
1.429 0 1.859 -1.014 1.859 -2.688 c
1.859 -7.971 l
1.612 -8.202 l
0.569 -8.202 l
0.337 -7.971 l
0.337 -2.826 l
0.337 -1.797 0.138 -1.259 -0.491 -1.259 c
-1.105 -1.259 -2.412 -2.043 -2.857 -2.688 c
-2.857 -7.971 l
-3.087 -8.202 l
-4.132 -8.202 l
-4.378 -7.971 l
-4.378 -2.105 l
-4.531 -1.444 -4.655 -0.951 -4.838 -0.43 c
-4.668 -0.138 l
-3.672 0.092 l
-3.38 -0.015 l
-3.18 -0.507 -3.056 -0.891 -2.949 -1.475 c
-2.534 -1.044 -1.198 0 0 0 c
f
Q
q 1 0 0 1 188.547 52.4758 cm
0 0 m
-1.766 0 -2.704 0.538 -2.704 1.92 c
-2.704 2.581 -2.213 3.273 -1.384 3.61 c
-1.69 3.764 -1.982 4.163 -1.982 4.639 c
-1.982 5.101 -1.583 5.653 -1.183 6.083 c
-1.952 6.498 -2.335 7.311 -2.335 8.419 c
-2.335 10.276 -1.214 11.397 0.614 11.397 c
0.922 11.397 1.198 11.367 1.475 11.322 c
1.581 11.322 l
2.549 11.322 3.364 11.413 4.224 11.49 c
4.453 11.26 l
4.453 10.599 l
4.286 10.338 l
4.009 10.261 3.67 10.215 3.255 10.215 c
3.117 10.215 l
3.409 9.8 3.518 9.125 3.518 8.479 c
3.518 6.651 2.38 5.715 0.553 5.715 c
0.215 5.715 -0.047 5.746 -0.339 5.823 c
-0.553 5.561 -0.707 5.268 -0.707 5.039 c
-0.707 4.762 -0.538 4.577 -0.092 4.577 c
1.951 4.577 l
3.302 4.577 4.423 4.224 4.423 2.766 c
4.423 0.215 1.704 0 0 0 c
1.781 3.318 m
-0.292 3.318 l
-0.876 3.041 -1.275 2.581 -1.275 2.106 c
-1.275 1.291 -0.677 1.123 0.183 1.123 c
1.828 1.123 3.04 1.413 3.04 2.505 c
3.04 3.119 2.672 3.318 1.781 3.318 c
0.583 10.261 m
-0.491 10.261 -0.922 9.616 -0.922 8.432 c
-0.922 7.343 -0.507 6.867 0.583 6.867 c
1.658 6.867 2.104 7.311 2.104 8.448 c
2.104 9.601 1.674 10.261 0.583 10.261 c
f
Q
q 1 0 0 1 195.7945 55.4873 cm
0 0 m
-1.504 0 l
-1.735 0.261 l
-1.735 1.459 l
-1.504 1.719 l
0 1.719 l
0.23 1.459 l
0.23 0.261 l
h
f
Q
q 1 0 0 1 129.6057 64.5583 cm
0 0 m
-0.131 0 -0.263 0.038 -0.379 0.119 c
-0.681 0.328 -0.757 0.74 -0.549 1.043 c
-0.491 1.129 0.909 3.128 3.485 3.128 c
5.993 3.128 7.553 1.529 7.617 1.461 c
7.872 1.195 7.863 0.772 7.597 0.517 c
7.332 0.263 6.907 0.271 6.652 0.537 c
6.642 0.548 5.407 1.792 3.485 1.792 c
1.626 1.792 0.592 0.347 0.549 0.285 c
0.419 0.1 0.211 0 0 0 c
f
Q
q 1 0 0 1 127.791 66.6659 cm
0 0 m
-0.13 0 -0.262 0.038 -0.377 0.118 c
-0.682 0.326 -0.758 0.741 -0.549 1.044 c
-0.466 1.167 1.549 4.042 5.257 4.042 c
8.899 4.042 11.153 1.731 11.247 1.632 c
11.501 1.366 11.492 0.945 11.226 0.691 c
10.962 0.434 10.54 0.443 10.283 0.708 c
10.264 0.728 8.312 2.707 5.257 2.707 c
2.244 2.707 0.568 0.314 0.551 0.29 c
0.422 0.101 0.213 0 0 0 c
f
Q
0.327 0.328 0.327  scn
q 1 0 0 1 345.8851 149.1443 cm
0 0 m
3.077 0 l
3.077 10.324 l
5.976 10.324 l
8.769 10.218 10.077 8.981 10.784 5.692 c
11.421 2.722 11.951 0.707 12.34 0 c
15.522 0 l
15.027 0.919 14.462 3.218 13.683 6.541 c
13.118 9.016 12.022 10.713 10.218 11.35 c
10.218 11.456 l
12.694 12.304 14.674 14.39 14.674 17.502 c
14.674 19.376 13.967 21.002 12.799 22.063 c
11.35 23.372 9.193 24.008 5.905 24.008 c
3.819 24.008 1.555 23.795 0 23.513 c
h
3.077 21.356 m
3.606 21.498 4.632 21.604 6.117 21.604 c
9.37 21.604 11.597 20.26 11.597 17.184 c
11.597 14.462 9.511 12.658 6.223 12.658 c
3.077 12.658 l
h
32.812 7.991 m
32.883 8.344 32.918 8.804 32.918 9.44 c
32.918 12.588 31.469 17.467 25.846 17.467 c
20.861 17.467 17.82 13.436 17.82 8.273 c
17.82 3.112 20.967 -0.389 26.235 -0.389 c
28.958 -0.389 30.867 0.212 31.963 0.707 c
31.398 2.934 l
30.266 2.44 28.887 2.051 26.659 2.051 c
23.513 2.051 20.861 3.784 20.79 7.991 c
h
20.826 10.218 m
21.073 12.375 22.417 15.24 25.599 15.24 c
29.099 15.24 29.948 12.163 29.912 10.218 c
h
48.793 10.502 m
48.793 13.896 47.52 17.467 42.287 17.467 c
40.13 17.467 38.044 16.866 36.63 15.982 c
37.337 13.896 l
38.54 14.709 40.201 15.169 41.828 15.169 c
45.328 15.204 45.718 12.623 45.718 11.244 c
45.718 10.89 l
39.106 10.925 35.428 8.663 35.428 4.526 c
35.428 2.051 37.196 -0.389 40.661 -0.389 c
43.101 -0.389 44.939 0.813 45.894 2.157 c
46 2.157 l
46.247 0 l
49.041 0 l
48.864 1.167 48.793 2.617 48.793 4.101 c
h
45.788 5.764 m
45.788 5.48 45.753 5.127 45.646 4.773 c
45.152 3.324 43.702 1.909 41.439 1.909 c
39.883 1.909 38.54 2.828 38.54 4.879 c
38.54 8.203 42.394 8.804 45.788 8.733 c
h
65.482 25.104 m
65.482 14.885 l
65.412 14.885 l
64.634 16.229 62.901 17.467 60.249 17.467 c
56.112 17.467 52.542 14.002 52.577 8.309 c
52.577 3.112 55.794 -0.389 59.931 -0.389 c
62.725 -0.389 64.775 1.061 65.694 2.97 c
65.8 2.97 l
65.942 0 l
68.7 0 l
68.629 1.167 68.558 2.899 68.558 4.42 c
68.558 25.104 l
h
65.482 7.178 m
65.482 6.683 65.447 6.258 65.341 5.834 c
64.775 3.536 62.866 2.121 60.78 2.121 c
57.456 2.121 55.723 4.985 55.723 8.451 c
55.723 12.198 57.633 15.027 60.85 15.027 c
63.183 15.027 64.881 13.401 65.341 11.456 c
65.447 11.068 65.482 10.537 65.482 10.148 c
h
87.51 7.991 m
87.581 8.344 87.616 8.804 87.616 9.44 c
87.616 12.588 86.167 17.467 80.544 17.467 c
75.559 17.467 72.518 13.436 72.518 8.273 c
72.518 3.112 75.665 -0.389 80.934 -0.389 c
83.656 -0.389 85.566 0.212 86.661 0.707 c
86.095 2.934 l
84.965 2.44 83.586 2.051 81.357 2.051 c
78.211 2.051 75.559 3.784 75.489 7.991 c
h
75.524 10.218 m
75.771 12.375 77.115 15.24 80.297 15.24 c
83.797 15.24 84.646 12.163 84.61 10.218 c
h
91.47 0 m
94.582 0 l
94.582 9.123 l
94.582 9.617 94.617 10.148 94.687 10.572 c
95.112 12.905 96.668 14.532 98.859 14.532 c
99.284 14.532 99.602 14.532 99.921 14.462 c
99.921 17.396 l
99.637 17.431 99.39 17.467 99.072 17.467 c
96.985 17.467 95.077 16.017 94.298 13.718 c
94.192 13.718 l
94.051 17.114 l
91.328 17.114 l
91.434 15.522 91.47 13.79 91.47 11.775 c
h
101.09 25.668 m
101.09 24.74 l
102.863 24.74 l
102.863 20.061 l
103.976 20.061 l
103.976 24.74 l
105.769 24.74 l
105.769 25.668 l
h
112.943 20.061 m
112.509 25.668 l
110.902 25.668 l
109.933 22.885 l
109.809 22.493 109.686 21.999 109.542 21.503 c
109.521 21.503 l
109.377 22.081 109.293 22.493 109.149 22.926 c
108.18 25.668 l
106.511 25.668 l
106.099 20.061 l
107.171 20.061 l
107.377 23.359 l
107.398 23.875 107.418 24.41 107.418 24.926 c
107.48 24.926 l
107.604 24.431 107.768 23.75 107.871 23.338 c
108.882 20.143 l
110.036 20.143 l
111.046 23.256 l
111.19 23.771 111.376 24.431 111.521 24.926 c
111.582 24.926 l
111.603 24.328 111.603 23.791 111.624 23.359 c
111.83 20.061 l
h
129.228 0 m
132.622 12.411 l
133.506 15.487 134.072 17.821 134.46 20.189 c
134.531 20.189 l
134.849 17.786 135.345 15.451 136.087 12.411 c
139.092 0 l
142.31 0 l
149.063 23.832 l
145.916 23.832 l
142.77 11.81 l
142.027 8.839 141.355 6.187 140.86 3.571 c
140.79 3.571 l
140.436 6.081 139.799 8.91 139.127 11.739 c
136.228 23.832 l
133.01 23.832 l
129.828 11.81 l
129.015 8.733 128.273 5.905 127.883 3.536 c
127.813 3.536 l
127.389 5.834 126.752 8.804 126.045 11.775 c
123.217 23.832 l
119.964 23.832 l
126.01 0 l
h
154.473 17.114 -3.112 -17.114 re
154.473 0 m
152.917 23.867 m
151.75 23.867 150.973 22.982 150.973 21.922 c
150.973 20.861 151.715 20.013 152.847 20.013 c
154.084 20.013 154.827 20.861 154.827 21.922 c
154.827 23.018 154.049 23.867 152.917 23.867 c
158.114 8.416 8.733 2.263 re
158.114 10.678 m
170.561 0 m
173.671 0 l
173.671 10.784 l
182.653 10.784 l
182.653 13.33 l
173.671 13.33 l
173.671 21.25 l
183.395 21.25 l
183.395 23.832 l
170.561 23.832 l
h
189.902 17.114 -3.112 -17.114 re
189.902 0 m
188.346 23.867 m
187.179 23.867 186.401 22.982 186.401 21.922 c
186.401 20.861 187.144 20.013 188.276 20.013 c
189.512 20.013 190.256 20.861 190.256 21.922 c
190.256 23.018 189.477 23.867 188.346 23.867 c
196.275 22.061 m
196.646 22.061 l
197.08 22.061 197.285 21.896 197.347 21.545 c
197.45 21.133 197.512 20.844 197.615 20.721 c
198.44 20.721 l
198.378 20.844 198.296 21.03 198.193 21.545 c
198.09 21.999 197.925 22.266 197.594 22.369 c
197.594 22.411 l
197.987 22.534 198.296 22.803 198.296 23.215 c
198.296 23.544 198.151 23.791 197.945 23.937 c
197.718 24.101 197.43 24.204 196.791 24.204 c
196.234 24.204 195.802 24.143 195.492 24.101 c
195.492 20.721 l
196.275 20.721 l
h
196.296 23.586 m
196.378 23.606 196.522 23.627 196.729 23.627 c
197.224 23.627 197.45 23.421 197.45 23.112 c
197.45 22.762 197.1 22.617 196.667 22.617 c
196.296 22.617 l
h
196.832 25.853 m
194.874 25.853 193.327 24.369 193.327 22.472 c
193.327 20.577 194.874 19.071 196.812 19.071 c
198.749 19.071 200.275 20.577 200.275 22.472 c
200.275 24.369 198.749 25.853 196.832 25.853 c
196.791 25.173 m
198.296 25.173 199.409 23.957 199.409 22.452 c
199.409 20.968 198.296 19.752 196.832 19.772 c
195.327 19.772 194.193 20.968 194.193 22.472 c
194.193 23.957 195.327 25.173 196.791 25.173 c
f
Q
Q
BT
0.327 0.328 0.327  scn
/T1_0 1 Tf
-0.02 Tc 15.4586 0 0 15.4586 303.9208 121.8327 Tm
[(W)13(ir)31(elessly do)23(wnload eBooks fr)33(om)-20( )]TJ
4.595 -1.2 Td
[(y)26(our local public libr)33(ar)-13(y)]TJ
0.428 0.433 0.443  scn
/T1_1 1 Tf
0 Tc 9.2619 0 0 9.2619 47.0028 31.9966 Tm
[(\256\231Son)10(y)60(,)100( mak)16(e)16(.belie)9(v)7(e and Reader ar)12(e r)12(egist)13(er)12(ed tr)12(ademarks or tr)12(ademarks of Son)10(y Corpor)12(ation.)100( )43(Vie)7(w)7(able scr)12(een size is measur)12(ed diagonall)6(y)60(.)100( )]TJ
0 -1.037 TD
[(F)13(eatur)12(es and speci\037)215( )27(cations ar)12(e subject t)13(o change without notice)16(.)100( )38(A.E.)100( & O)39(.E.)]TJ
ET
q
0 0 585 765 re
W n
/CS3 CS 0  SCN
1.226 w 
q 1 0 0 1 -0.2891 773.1447 cm
0 0 m
-14.711 0 l
603.149 0 m
617.859 0 l
0 -767.911 m
-14.711 -767.911 l
603.149 -767.911 m
617.859 -767.911 l
5.884 5.884 m
5.884 20.595 l
5.884 -773.795 m
5.884 -788.506 l
597.264 5.884 m
597.264 20.595 l
597.264 -773.795 m
597.264 -788.506 l
S
Q
1  SCN
0.245 w 
q 1 0 0 1 -0.2891 773.1447 cm
0 0 m
-14.711 0 l
603.149 0 m
617.859 0 l
0 -767.911 m
-14.711 -767.911 l
603.149 -767.911 m
617.859 -767.911 l
5.884 5.884 m
5.884 20.595 l
5.884 -773.795 m
5.884 -788.506 l
597.264 5.884 m
597.264 20.595 l
597.264 -773.795 m
597.264 -788.506 l
S
Q
EMC 
Q
q
0 0 585 765 re
W n
0.596 0.798 0.799  scn
q 1 0 0 1 0 157.0075 cm
0 0 m
-12.422 24.557 -42.551 41.893 -77.769 41.893 c
-124.08 41.893 -161.627 11.93 -161.627 -25.032 c
-161.627 -61.994 -124.08 -91.957 -77.769 -91.957 c
-42.551 -91.957 -12.422 -74.621 0 -50.064 c
h
f
Q
Q
