/PlacedPDF /MC0 BDC 
q
28.358 357.185 529.217 379.792 re
W n
q
/GS0 gs
531.1077271 0 0 381.6636353 27.2757568 356.286438 cm
/Im0 Do
Q
Q
BT
/CS1 cs 0.525 0.533 0.543  scn
/GS0 gs
/T1_0 1 Tf
6.7923 0 0 6.7923 29.2617 52.4495 Tm
[(* )12(Appl)7(e is no)5(t a sponsor of this pr)3(omo)5(tion.)]TJ
( )Tj
0 -1.286 TD
[(\2512)2(0)5(11 )17(Thomson R)11(eut)4(ers. )12(A)5(ll righ)2(t)-1(s r)3(e)-3(ser)-28(v)3(e)-1(d. )17(Thomson R)11(eut)4(ers and the Kine)-3(sis l)7(ogo ar)3(e tr)4(ademarks of )17(Thomson R)11(eut)4(ers.)]TJ
ET
/Metadata /MC1 BDC 
q
386.925 21.533 179.945 61.493 re
W n
q 1 0 0 1 556.1899 51.9486 cm
0 0 m
0 1.278 l
0 1.321 -0.035 1.356 -0.079 1.356 c
-0.238 1.356 l
-0.269 1.356 -0.297 1.336 -0.31 1.309 c
-0.684 0.547 l
-0.694 0.53 -0.698 0.52 -0.705 0.52 c
-0.713 0.52 -0.717 0.53 -0.727 0.547 c
-1.101 1.309 l
-1.115 1.336 -1.142 1.356 -1.173 1.356 c
-1.333 1.356 l
-1.376 1.356 -1.411 1.321 -1.411 1.278 c
-1.411 0 l
-1.411 -0.019 -1.395 -0.029 -1.378 -0.029 c
-1.181 -0.029 l
-1.163 -0.029 -1.15 -0.01 -1.15 0.01 c
-1.15 0.853 l
-1.15 0.867 -1.148 0.872 -1.144 0.872 c
-1.142 0.872 -1.138 0.867 -1.134 0.861 c
-0.818 0.164 l
-0.805 0.143 -0.78 0.13 -0.755 0.13 c
-0.654 0.13 l
-0.629 0.13 -0.604 0.143 -0.592 0.164 c
-0.277 0.861 l
-0.273 0.867 -0.269 0.872 -0.267 0.872 c
-0.263 0.872 -0.261 0.867 -0.261 0.853 c
-0.261 0.01 l
-0.261 -0.01 -0.247 -0.029 -0.23 -0.029 c
-0.033 -0.029 l
-0.016 -0.029 0 -0.019 0 0 c
-1.611 1.164 m
-1.611 1.319 l
-1.611 1.34 -1.628 1.356 -1.65 1.356 c
-2.699 1.356 l
-2.721 1.356 -2.738 1.34 -2.738 1.319 c
-2.738 1.164 l
-2.738 1.143 -2.721 1.129 -2.699 1.129 c
-2.309 1.129 l
-2.309 0.01 l
-2.309 -0.012 -2.292 -0.029 -2.271 -0.029 c
-2.078 -0.029 l
-2.056 -0.029 -2.039 -0.012 -2.039 0.01 c
-2.039 1.129 l
-1.65 1.129 l
-1.628 1.129 -1.611 1.143 -1.611 1.164 c
-21.473 -3.646 m
-21.473 -4.49 -21.442 -4.513 -20.679 -4.513 c
-18.132 -4.513 l
-18.023 -4.513 -17.931 -4.603 -17.931 -4.714 c
-17.931 -5.356 l
-17.931 -5.498 -17.982 -5.548 -18.132 -5.568 c
-18.455 -5.619 -19.11 -5.707 -20.306 -5.707 c
-21.978 -5.707 -22.862 -5.72 -22.862 -3.646 c
-22.862 -0.464 l
-22.862 1.609 -21.978 1.597 -20.306 1.597 c
-19.11 1.597 -18.455 1.506 -18.132 1.457 c
-17.982 1.437 -17.931 1.386 -17.931 1.245 c
-17.931 0.603 l
-17.931 0.493 -18.023 0.4 -18.132 0.4 c
-20.679 0.4 l
-21.442 0.4 -21.473 0.377 -21.473 -0.464 c
-21.473 -1.387 l
-18.253 -1.387 l
-18.141 -1.387 -18.052 -1.478 -18.052 -1.587 c
-18.052 -2.313 l
-18.052 -2.423 -18.141 -2.514 -18.253 -2.514 c
-21.473 -2.514 l
h
-6.595 -5.713 m
-7.483 -5.713 -8.386 -5.56 -8.87 -5.448 c
-8.969 -5.429 -9.06 -5.359 -9.06 -5.249 c
-9.06 -4.524 l
-9.06 -4.414 -8.969 -4.333 -8.87 -4.333 c
-8.847 -4.333 l
-8.446 -4.384 -7.504 -4.514 -6.575 -4.514 c
-5.68 -4.514 -5.406 -4.194 -5.406 -3.611 c
-5.406 -2.856 -7.207 -2.439 -8.086 -2.076 c
-8.961 -1.715 -9.272 -1.021 -9.272 -0.318 c
-9.272 0.789 -8.38 1.593 -6.51 1.593 c
-5.55 1.593 -4.673 1.412 -4.332 1.329 c
-4.23 1.31 -4.151 1.24 -4.151 1.139 c
-4.151 0.395 l
-4.151 0.295 -4.22 0.213 -4.322 0.213 c
-4.342 0.213 l
-5.006 0.274 -5.693 0.397 -6.567 0.397 c
-7.314 0.397 -7.872 0.135 -7.872 -0.318 c
-7.872 -0.649 -7.492 -0.952 -7.048 -1.13 c
-6.601 -1.307 -6.015 -1.535 -5.346 -1.804 c
-4.499 -2.146 -3.949 -2.646 -3.949 -3.611 c
-3.949 -4.626 -4.583 -5.713 -6.595 -5.713 c
-11.943 -0.675 m
-11.943 0.079 -12.53 0.4 -13.538 0.4 c
-13.747 0.4 -14.663 0.38 -14.845 0.36 c
-14.845 -1.821 l
-14.681 -1.831 -13.705 -1.852 -13.538 -1.852 c
-12.5 -1.852 -11.943 -1.652 -11.943 -0.767 c
h
-10.435 -5.629 m
-11.663 -5.629 l
-11.774 -5.629 -11.813 -5.527 -11.862 -5.427 c
-13.312 -2.988 l
-13.538 -2.988 l
-13.797 -2.988 -14.612 -2.96 -14.845 -2.947 c
-14.845 -5.427 l
-14.845 -5.538 -14.924 -5.629 -15.033 -5.629 c
-16.039 -5.629 l
-16.15 -5.629 -16.239 -5.538 -16.239 -5.427 c
-16.239 1.165 l
-16.239 1.367 -16.122 1.437 -15.919 1.467 c
-15.396 1.548 -14.27 1.597 -13.538 1.597 c
-11.985 1.597 -10.556 1.043 -10.556 -0.675 c
-10.556 -0.767 l
-10.556 -1.832 -11.091 -2.414 -11.915 -2.735 c
-10.333 -5.427 l
-10.314 -5.457 -10.314 -5.487 -10.314 -5.509 c
-10.314 -5.577 -10.354 -5.629 -10.435 -5.629 c
-24.096 0.351 m
-26.103 0.351 l
-26.103 -5.427 l
-26.103 -5.538 -26.195 -5.629 -26.307 -5.629 c
-27.301 -5.629 l
-27.413 -5.629 -27.504 -5.538 -27.504 -5.427 c
-27.504 0.351 l
-29.512 0.351 l
-29.621 0.351 -29.712 0.42 -29.712 0.532 c
-29.712 1.326 l
-29.712 1.437 -29.621 1.518 -29.512 1.518 c
-24.096 1.518 l
-23.987 1.518 -23.896 1.437 -23.896 1.326 c
-23.896 0.532 l
-23.896 0.42 -23.987 0.351 -24.096 0.351 c
-33.727 -5.707 m
-35.345 -5.707 -36.74 -5.004 -36.74 -2.861 c
-36.74 1.326 l
-36.74 1.437 -36.647 1.518 -36.537 1.518 c
-35.542 1.518 l
-35.431 1.518 -35.341 1.437 -35.341 1.326 c
-35.341 -2.861 l
-35.341 -4.007 -34.811 -4.552 -33.727 -4.552 c
-32.638 -4.552 -32.11 -4.007 -32.11 -2.861 c
-32.11 1.326 l
-32.11 1.437 -32.019 1.518 -31.909 1.518 c
-30.913 1.518 l
-30.801 1.518 -30.711 1.437 -30.711 1.326 c
-30.711 -2.861 l
-30.711 -5.004 -32.105 -5.707 -33.727 -5.707 c
-41.785 -3.646 m
-41.785 -4.49 -41.753 -4.513 -40.992 -4.513 c
-38.444 -4.513 l
-38.334 -4.513 -38.244 -4.603 -38.244 -4.714 c
-38.244 -5.356 l
-38.244 -5.498 -38.294 -5.548 -38.444 -5.568 c
-38.767 -5.619 -39.422 -5.707 -40.618 -5.707 c
-42.289 -5.707 -43.173 -5.72 -43.173 -3.646 c
-43.173 -0.464 l
-43.173 1.609 -42.289 1.597 -40.618 1.597 c
-39.422 1.597 -38.767 1.506 -38.444 1.457 c
-38.294 1.437 -38.244 1.386 -38.244 1.245 c
-38.244 0.603 l
-38.244 0.493 -38.334 0.4 -38.444 0.4 c
-40.992 0.4 l
-41.753 0.4 -41.785 0.377 -41.785 -0.464 c
-41.785 -1.387 l
-38.565 -1.387 l
-38.455 -1.387 -38.364 -1.478 -38.364 -1.587 c
-38.364 -2.313 l
-38.364 -2.423 -38.455 -2.514 -38.565 -2.514 c
-41.785 -2.514 l
h
-46.096 -0.675 m
-46.096 0.079 -46.682 0.4 -47.689 0.4 c
-47.9 0.4 -48.815 0.38 -48.995 0.36 c
-48.995 -1.821 l
-48.835 -1.831 -47.86 -1.852 -47.689 -1.852 c
-46.652 -1.852 -46.096 -1.652 -46.096 -0.767 c
h
-44.588 -5.629 m
-45.816 -5.629 l
-45.926 -5.629 -45.967 -5.527 -46.016 -5.427 c
-47.466 -2.988 l
-47.689 -2.988 l
-47.951 -2.988 -48.765 -2.96 -48.995 -2.947 c
-48.995 -5.427 l
-48.995 -5.538 -49.076 -5.629 -49.188 -5.629 c
-50.192 -5.629 l
-50.304 -5.629 -50.394 -5.538 -50.394 -5.427 c
-50.394 1.165 l
-50.394 1.367 -50.274 1.437 -50.073 1.467 c
-49.548 1.548 -48.423 1.597 -47.689 1.597 c
-46.139 1.597 -44.709 1.043 -44.709 -0.675 c
-44.709 -0.767 l
-44.709 -1.832 -45.241 -2.414 -46.066 -2.735 c
-44.489 -5.427 l
-44.467 -5.457 -44.467 -5.487 -44.467 -5.509 c
-44.467 -5.577 -44.507 -5.629 -44.588 -5.629 c
-64.134 -1.541 m
-64.134 -0.213 -64.936 0.38 -65.921 0.38 c
-66.908 0.38 -67.71 -0.213 -67.71 -1.541 c
-67.71 -2.57 l
-67.71 -3.898 -66.908 -4.491 -65.921 -4.491 c
-64.936 -4.491 -64.134 -3.898 -64.134 -2.57 c
h
-65.921 -5.707 m
-67.581 -5.707 -69.118 -4.784 -69.118 -2.57 c
-69.118 -1.541 l
-69.118 0.672 -67.581 1.597 -65.921 1.597 c
-64.262 1.597 -62.726 0.672 -62.726 -1.541 c
-62.726 -2.57 l
-62.726 -4.784 -64.262 -5.707 -65.921 -5.707 c
-73.033 -5.713 m
-73.921 -5.713 -74.823 -5.56 -75.306 -5.448 c
-75.408 -5.429 -75.498 -5.359 -75.498 -5.249 c
-75.498 -4.524 l
-75.498 -4.414 -75.408 -4.333 -75.306 -4.333 c
-75.287 -4.333 l
-74.884 -4.384 -73.943 -4.514 -73.012 -4.514 c
-72.117 -4.514 -71.846 -4.194 -71.846 -3.611 c
-71.846 -2.856 -73.644 -2.439 -74.523 -2.076 c
-75.398 -1.715 -75.708 -1.021 -75.708 -0.318 c
-75.708 0.789 -74.817 1.593 -72.946 1.593 c
-71.988 1.593 -71.109 1.412 -70.768 1.329 c
-70.667 1.31 -70.588 1.24 -70.588 1.139 c
-70.588 0.395 l
-70.588 0.295 -70.657 0.213 -70.758 0.213 c
-70.779 0.213 l
-71.444 0.274 -72.132 0.397 -73.007 0.397 c
-73.751 0.397 -74.31 0.135 -74.31 -0.318 c
-74.31 -0.649 -73.932 -0.953 -73.486 -1.13 c
-73.04 -1.307 -72.453 -1.535 -71.785 -1.804 c
-70.934 -2.146 -70.386 -2.646 -70.386 -3.611 c
-70.386 -4.626 -71.019 -5.713 -73.033 -5.713 c
-55.422 -5.629 m
-56.44 -5.629 l
-56.682 -5.629 -56.892 -5.629 -57.051 -5.267 c
-59.78 -0.696 l
-59.81 -0.636 -59.841 -0.614 -59.87 -0.614 c
-59.899 -0.614 -59.922 -0.636 -59.922 -0.696 c
-59.922 -5.427 l
-59.922 -5.538 -60.001 -5.629 -60.112 -5.629 c
-60.966 -5.629 l
-61.078 -5.629 -61.167 -5.538 -61.167 -5.427 c
-61.167 1.116 l
-61.167 1.337 -60.987 1.518 -60.767 1.518 c
-59.679 1.518 l
-59.467 1.518 -59.359 1.457 -59.236 1.193 c
-56.399 -3.646 l
-56.38 -3.696 -56.35 -3.728 -56.319 -3.728 c
-56.298 -3.728 -56.27 -3.696 -56.27 -3.636 c
-56.27 1.326 l
-56.27 1.437 -56.189 1.518 -56.077 1.518 c
-55.212 1.518 l
-55.102 1.518 -55.02 1.437 -55.02 1.326 c
-55.02 -5.226 l
-55.02 -5.448 -55.202 -5.629 -55.422 -5.629 c
-77.519 -5.629 m
-78.536 -5.629 l
-78.626 -5.629 -78.695 -5.527 -78.695 -5.427 c
-78.695 -1.077 l
-78.695 -1.007 -78.706 -0.978 -78.728 -0.978 c
-78.736 -0.978 -78.756 -1.007 -78.778 -1.037 c
-80.401 -4.634 l
-80.461 -4.744 -80.591 -4.806 -80.721 -4.806 c
-81.245 -4.806 l
-81.376 -4.806 -81.507 -4.744 -81.566 -4.634 c
-83.201 -1.037 l
-83.222 -1.007 -83.242 -0.978 -83.251 -0.978 c
-83.271 -0.978 -83.281 -1.007 -83.281 -1.077 c
-83.281 -5.427 l
-83.281 -5.527 -83.353 -5.629 -83.443 -5.629 c
-84.457 -5.629 l
-84.548 -5.629 -84.63 -5.577 -84.63 -5.477 c
-84.63 1.116 l
-84.63 1.337 -84.449 1.518 -84.227 1.518 c
-83.402 1.518 l
-83.242 1.518 -83.101 1.417 -83.03 1.276 c
-81.1 -2.654 l
-81.05 -2.744 -81.03 -2.795 -80.988 -2.795 c
-80.949 -2.795 -80.928 -2.744 -80.877 -2.654 c
-78.948 1.276 l
-78.877 1.417 -78.736 1.518 -78.576 1.518 c
-77.749 1.518 l
-77.529 1.518 -77.348 1.337 -77.348 1.116 c
-77.348 -5.477 l
-77.348 -5.577 -77.429 -5.629 -77.519 -5.629 c
-87.597 -1.541 m
-87.597 -0.213 -88.4 0.38 -89.385 0.38 c
-90.371 0.38 -91.174 -0.213 -91.174 -1.541 c
-91.174 -2.57 l
-91.174 -3.898 -90.371 -4.491 -89.385 -4.491 c
-88.4 -4.491 -87.597 -3.898 -87.597 -2.57 c
h
-89.385 -5.707 m
-91.045 -5.707 -92.581 -4.784 -92.581 -2.57 c
-92.581 -1.541 l
-92.581 0.672 -91.045 1.597 -89.385 1.597 c
-87.724 1.597 -86.187 0.672 -86.187 -1.541 c
-86.187 -2.57 l
-86.187 -4.784 -87.724 -5.707 -89.385 -5.707 c
-94.37 -5.629 m
-95.365 -5.629 l
-95.477 -5.629 -95.568 -5.538 -95.568 -5.427 c
-95.568 -2.514 l
-98.754 -2.514 l
-98.754 -5.427 l
-98.754 -5.538 -98.845 -5.629 -98.955 -5.629 c
-99.951 -5.629 l
-100.062 -5.629 -100.152 -5.538 -100.152 -5.427 c
-100.152 1.326 l
-100.152 1.437 -100.062 1.518 -99.951 1.518 c
-98.955 1.518 l
-98.845 1.518 -98.754 1.437 -98.754 1.326 c
-98.754 -1.287 l
-95.568 -1.287 l
-95.568 1.326 l
-95.568 1.437 -95.477 1.518 -95.365 1.518 c
-94.37 1.518 l
-94.261 1.518 -94.17 1.437 -94.17 1.326 c
-94.17 -5.427 l
-94.17 -5.538 -94.261 -5.629 -94.37 -5.629 c
-101.629 0.351 m
-103.636 0.351 l
-103.636 -5.427 l
-103.636 -5.538 -103.726 -5.629 -103.838 -5.629 c
-104.832 -5.629 l
-104.944 -5.629 -105.034 -5.538 -105.034 -5.427 c
-105.034 0.351 l
-107.043 0.351 l
-107.152 0.351 -107.244 0.42 -107.244 0.532 c
-107.244 1.326 l
-107.244 1.437 -107.152 1.518 -107.043 1.518 c
-101.629 1.518 l
-101.519 1.518 -101.427 1.437 -101.427 1.326 c
-101.427 0.532 l
-101.427 0.42 -101.519 0.351 -101.629 0.351 c
f
Q
Q
q
423.508 55.322 m
423.22 55.166 423.118 54.805 423.27 54.52 c
423.27 54.52 l
423.422 54.229 423.786 54.124 424.075 54.278 c
424.075 54.278 l
424.361 54.435 424.466 54.794 424.312 55.084 c
424.312 55.084 l
424.207 55.281 424.002 55.394 423.79 55.394 c
423.79 55.394 l
423.694 55.394 423.597 55.372 423.508 55.322 c
425.101 55.297 m
424.842 55.161 424.751 54.842 424.888 54.585 c
424.888 54.585 l
425.023 54.33 425.342 54.234 425.596 54.374 c
425.596 54.374 l
425.857 54.514 425.949 54.831 425.813 55.087 c
425.813 55.087 l
425.72 55.262 425.541 55.363 425.353 55.363 c
425.353 55.363 l
425.269 55.363 425.182 55.342 425.101 55.297 c
421.996 54.874 m
421.672 54.697 421.548 54.29 421.727 53.965 c
421.727 53.965 l
421.904 53.639 422.309 53.513 422.639 53.689 c
422.639 53.689 l
422.965 53.868 423.084 54.274 422.909 54.598 c
422.909 54.598 l
422.789 54.826 422.556 54.954 422.317 54.954 c
422.317 54.954 l
422.208 54.954 422.098 54.928 421.996 54.874 c
426.628 54.799 m
426.403 54.674 426.317 54.391 426.438 54.169 c
426.438 54.169 l
426.56 53.946 426.844 53.863 427.062 53.985 c
427.062 53.985 l
427.289 54.107 427.372 54.385 427.249 54.608 c
427.249 54.608 l
427.168 54.764 427.007 54.852 426.841 54.852 c
426.841 54.852 l
426.769 54.852 426.695 54.834 426.628 54.799 c
420.799 53.86 m
420.505 53.699 420.399 53.347 420.556 53.051 c
420.556 53.051 l
420.713 52.767 421.067 52.658 421.355 52.815 c
421.355 52.815 l
421.647 52.969 421.754 53.33 421.6 53.616 c
421.6 53.616 l
421.493 53.815 421.287 53.932 421.075 53.932 c
421.075 53.932 l
420.981 53.932 420.887 53.907 420.799 53.86 c
427.944 53.852 m
427.747 53.745 427.677 53.505 427.779 53.315 c
427.779 53.315 l
427.883 53.124 428.121 53.054 428.319 53.152 c
428.319 53.152 l
428.51 53.261 428.584 53.5 428.479 53.693 c
428.479 53.693 l
428.406 53.825 428.27 53.9 428.13 53.9 c
428.13 53.9 l
428.067 53.9 428.004 53.886 427.944 53.852 c
428.915 52.556 m
428.763 52.467 428.698 52.263 428.787 52.106 c
428.787 52.106 l
428.872 51.946 429.073 51.889 429.229 51.974 c
429.229 51.974 l
429.391 52.06 429.451 52.256 429.363 52.417 c
429.363 52.417 l
429.303 52.53 429.188 52.593 429.07 52.593 c
429.07 52.593 l
429.018 52.593 428.965 52.581 428.915 52.556 c
419.943 52.515 m
419.686 52.376 419.593 52.055 419.726 51.8 c
419.726 51.8 l
419.867 51.548 420.186 51.449 420.44 51.588 c
420.44 51.588 l
420.698 51.724 420.796 52.045 420.656 52.303 c
420.656 52.303 l
420.558 52.478 420.377 52.577 420.19 52.577 c
420.19 52.577 l
420.107 52.577 420.022 52.556 419.943 52.515 c
429.41 51.14 m
429.215 51.038 429.142 50.794 429.248 50.603 c
429.248 50.603 l
429.349 50.412 429.592 50.341 429.778 50.44 c
429.778 50.44 l
429.972 50.55 430.047 50.792 429.944 50.98 c
429.944 50.98 l
429.873 51.113 429.735 51.188 429.595 51.188 c
429.595 51.188 l
429.533 51.188 429.468 51.173 429.41 51.14 c
419.523 50.96 m
419.302 50.841 419.221 50.56 419.339 50.339 c
419.339 50.339 l
419.463 50.112 419.741 50.03 419.965 50.15 c
419.965 50.15 l
420.188 50.272 420.272 50.556 420.152 50.776 c
420.152 50.776 l
420.068 50.93 419.911 51.017 419.747 51.017 c
419.747 51.017 l
419.673 51.017 419.595 50.999 419.523 50.96 c
429.413 49.637 m
429.187 49.514 429.108 49.237 429.223 49.009 c
429.223 49.009 l
429.342 48.789 429.63 48.708 429.852 48.826 c
429.852 48.826 l
430.076 48.947 430.156 49.228 430.035 49.451 c
430.035 49.451 l
429.953 49.605 429.795 49.692 429.632 49.692 c
429.632 49.692 l
429.558 49.692 429.483 49.675 429.413 49.637 c
419.59 49.344 m
419.401 49.24 419.329 48.998 419.432 48.807 c
419.432 48.807 l
419.538 48.613 419.779 48.545 419.967 48.65 c
419.967 48.65 l
420.159 48.749 420.236 48.995 420.129 49.184 c
420.129 49.184 l
420.054 49.316 419.919 49.391 419.779 49.391 c
419.779 49.391 l
419.716 49.391 419.65 49.377 419.59 49.344 c
428.934 48.202 m
428.677 48.066 428.583 47.74 428.719 47.485 c
428.719 47.485 l
428.86 47.231 429.178 47.137 429.43 47.272 c
429.43 47.272 l
429.691 47.414 429.782 47.73 429.648 47.988 c
429.648 47.988 l
429.553 48.163 429.371 48.264 429.184 48.264 c
429.184 48.264 l
429.098 48.264 429.013 48.245 428.934 48.202 c
420.143 47.814 m
419.98 47.73 419.923 47.53 420.009 47.365 c
420.009 47.365 l
420.096 47.208 420.294 47.146 420.457 47.231 c
420.457 47.231 l
420.617 47.321 420.677 47.522 420.589 47.68 c
420.589 47.68 l
420.529 47.79 420.414 47.854 420.296 47.854 c
420.296 47.854 l
420.244 47.854 420.192 47.84 420.143 47.814 c
428.017 46.974 m
427.727 46.817 427.622 46.457 427.778 46.171 c
427.778 46.171 l
427.929 45.883 428.29 45.776 428.581 45.933 c
428.581 45.933 l
428.869 46.084 428.975 46.448 428.818 46.734 c
428.818 46.734 l
428.71 46.932 428.505 47.047 428.297 47.047 c
428.297 47.047 l
428.201 47.047 428.106 47.023 428.017 46.974 c
421.059 46.632 m
420.866 46.532 420.794 46.288 420.898 46.098 c
420.898 46.098 l
420.999 45.904 421.239 45.834 421.431 45.941 c
421.431 45.941 l
421.622 46.04 421.695 46.281 421.592 46.473 c
421.592 46.473 l
421.522 46.605 421.385 46.678 421.245 46.678 c
421.245 46.678 l
421.182 46.678 421.117 46.663 421.059 46.632 c
426.734 46.096 m
426.409 45.922 426.285 45.514 426.465 45.187 c
426.465 45.187 l
426.642 44.861 427.05 44.743 427.378 44.913 c
427.378 44.913 l
427.702 45.094 427.822 45.503 427.648 45.822 c
427.648 45.822 l
427.526 46.048 427.295 46.178 427.055 46.178 c
427.055 46.178 l
426.947 46.178 426.836 46.152 426.734 46.096 c
422.312 45.804 m
422.084 45.68 422.003 45.403 422.127 45.181 c
422.127 45.181 l
422.242 44.955 422.524 44.87 422.748 44.991 c
422.748 44.991 l
422.972 45.117 423.055 45.399 422.935 45.619 c
422.935 45.619 l
422.851 45.772 422.691 45.86 422.528 45.861 c
422.528 45.861 l
422.455 45.861 422.381 45.842 422.312 45.804 c
425.3 45.508 m
425.011 45.355 424.911 44.997 425.068 44.706 c
425.068 44.706 l
425.219 44.42 425.578 44.307 425.866 44.468 c
425.866 44.468 l
426.156 44.62 426.258 44.982 426.106 45.269 c
426.106 45.269 l
425.997 45.467 425.794 45.58 425.583 45.58 c
425.583 45.58 l
425.488 45.58 425.391 45.556 425.3 45.508 c
423.771 45.417 m
423.516 45.278 423.424 44.956 423.56 44.703 c
423.56 44.703 l
423.7 44.446 424.019 44.349 424.275 44.487 c
424.275 44.487 l
424.534 44.623 424.628 44.945 424.49 45.203 c
424.49 45.203 l
424.397 45.38 424.214 45.478 424.022 45.478 c
424.022 45.478 l
423.939 45.478 423.852 45.457 423.771 45.417 c
W n
q
0 g
-9.3543243 -5.0496674 -5.0496674 9.3543243 429.3625946 52.4167938 cm
BX /Sh0 sh EX Q
Q
q
423.77 56.939 m
423.651 56.542 423.878 56.125 424.278 56.005 c
424.278 56.005 l
424.678 55.888 425.094 56.119 425.212 56.514 c
425.212 56.514 l
425.333 56.912 425.103 57.334 424.705 57.45 c
424.705 57.45 l
424.633 57.471 424.561 57.481 424.49 57.481 c
424.49 57.481 l
424.163 57.481 423.868 57.267 423.77 56.939 c
425.785 56.696 m
425.653 56.236 425.907 55.76 426.372 55.623 c
426.372 55.623 l
426.829 55.486 427.309 55.749 427.443 56.203 c
427.443 56.203 l
427.583 56.666 427.319 57.148 426.859 57.285 c
426.859 57.285 l
426.777 57.308 426.696 57.319 426.616 57.319 c
426.616 57.319 l
426.241 57.319 425.894 57.074 425.785 56.696 c
421.745 56.521 m
421.642 56.167 421.847 55.796 422.202 55.69 c
422.202 55.69 l
422.555 55.586 422.929 55.786 423.032 56.144 c
423.032 56.144 l
423.132 56.496 422.929 56.869 422.578 56.974 c
422.578 56.974 l
422.515 56.992 422.452 57 422.391 57 c
422.391 57 l
422.1 57 421.833 56.812 421.745 56.521 c
427.827 55.747 m
427.708 55.349 427.938 54.931 428.337 54.813 c
428.337 54.813 l
428.737 54.695 429.154 54.928 429.271 55.326 c
429.271 55.326 l
429.391 55.723 429.162 56.142 428.764 56.259 c
428.764 56.259 l
428.693 56.281 428.621 56.29 428.551 56.29 c
428.551 56.29 l
428.224 56.29 427.925 56.074 427.827 55.747 c
420.006 55.454 m
419.923 55.173 420.081 54.883 420.362 54.8 c
420.362 54.8 l
420.64 54.718 420.934 54.88 421.016 55.156 c
421.016 55.156 l
421.097 55.436 420.937 55.728 420.658 55.812 c
420.658 55.812 l
420.61 55.826 420.558 55.833 420.511 55.833 c
420.511 55.833 l
420.28 55.833 420.072 55.683 420.006 55.454 c
429.461 54.256 m
429.356 53.896 429.56 53.528 429.914 53.425 c
429.914 53.425 l
430.268 53.32 430.638 53.526 430.745 53.88 c
430.745 53.88 l
430.851 54.231 430.648 54.604 430.291 54.706 c
430.291 54.706 l
430.228 54.725 430.165 54.734 430.102 54.734 c
430.102 54.734 l
429.816 54.734 429.551 54.544 429.461 54.256 c
418.629 53.872 m
418.562 53.648 418.693 53.411 418.918 53.347 c
418.918 53.347 l
419.144 53.278 419.378 53.408 419.448 53.633 c
419.448 53.633 l
419.518 53.857 419.384 54.094 419.159 54.163 c
419.159 54.163 l
419.121 54.174 419.081 54.179 419.044 54.179 c
419.044 54.179 l
418.856 54.179 418.684 54.06 418.629 53.872 c
430.624 52.337 m
430.538 52.054 430.703 51.762 430.981 51.682 c
430.981 51.682 l
431.262 51.599 431.553 51.758 431.634 52.038 c
431.634 52.038 l
431.716 52.318 431.559 52.609 431.279 52.691 c
431.279 52.691 l
431.229 52.705 431.177 52.713 431.128 52.713 c
431.128 52.713 l
430.899 52.713 430.689 52.564 430.624 52.337 c
417.82 51.908 m
417.77 51.737 417.863 51.558 418.033 51.51 c
418.033 51.51 l
418.203 51.46 418.379 51.558 418.428 51.728 c
418.428 51.728 l
418.478 51.897 418.382 52.072 418.211 52.123 c
418.211 52.123 l
418.181 52.132 418.152 52.135 418.121 52.135 c
418.121 52.135 l
417.984 52.135 417.858 52.045 417.82 51.908 c
431.116 50.204 m
431.049 49.981 431.177 49.74 431.406 49.676 c
431.406 49.676 l
431.632 49.608 431.868 49.738 431.936 49.965 c
431.936 49.965 l
432.001 50.188 431.874 50.427 431.646 50.494 c
431.646 50.494 l
431.607 50.505 431.567 50.51 431.527 50.51 c
431.527 50.51 l
431.342 50.51 431.167 50.39 431.116 50.204 c
417.436 49.816 m
417.368 49.592 417.501 49.356 417.727 49.288 c
417.727 49.288 l
417.951 49.221 418.189 49.348 418.256 49.576 c
418.256 49.576 l
418.323 49.801 418.195 50.037 417.968 50.107 c
417.968 50.107 l
417.928 50.117 417.888 50.124 417.849 50.124 c
417.849 50.124 l
417.665 50.124 417.495 50.001 417.436 49.816 c
430.943 48.051 m
430.897 47.883 430.992 47.704 431.158 47.655 c
431.158 47.655 l
431.329 47.605 431.504 47.702 431.553 47.873 c
431.553 47.873 l
431.604 48.04 431.508 48.219 431.339 48.268 c
431.339 48.268 l
431.309 48.276 431.28 48.281 431.25 48.281 c
431.25 48.281 l
431.113 48.281 430.984 48.19 430.943 48.051 c
417.742 47.74 m
417.663 47.462 417.813 47.166 418.097 47.084 c
418.097 47.084 l
418.373 47.001 418.668 47.165 418.75 47.443 c
418.75 47.443 l
418.832 47.723 418.671 48.016 418.395 48.093 c
418.395 48.093 l
418.343 48.109 418.291 48.116 418.24 48.116 c
418.24 48.116 l
418.011 48.116 417.805 47.967 417.742 47.74 c
430.335 46.455 m
430.15 46.455 429.979 46.335 429.926 46.149 c
429.926 46.149 l
429.859 45.922 429.988 45.682 430.212 45.618 c
430.212 45.618 l
430.441 45.553 430.678 45.682 430.745 45.907 c
430.745 45.907 l
430.809 46.132 430.681 46.371 430.455 46.438 c
430.455 46.438 l
430.415 46.449 430.375 46.455 430.337 46.455 c
430.337 46.455 l
h
418.627 45.901 m
418.522 45.548 418.723 45.177 419.08 45.07 c
419.08 45.07 l
419.438 44.965 419.806 45.168 419.912 45.523 c
419.912 45.523 l
420.017 45.877 419.811 46.251 419.456 46.357 c
419.456 46.357 l
419.394 46.375 419.331 46.384 419.268 46.384 c
419.268 46.384 l
418.98 46.384 418.715 46.193 418.627 45.901 c
428.355 44.623 m
428.276 44.345 428.438 44.051 428.715 43.967 c
428.715 43.967 l
428.993 43.885 429.286 44.047 429.367 44.322 c
429.367 44.322 l
429.452 44.605 429.291 44.896 429.013 44.978 c
429.013 44.978 l
428.962 44.993 428.912 45.001 428.862 45.001 c
428.862 45.001 l
428.634 45.001 428.424 44.849 428.355 44.623 c
420.103 44.451 m
419.987 44.058 420.211 43.638 420.612 43.52 c
420.612 43.52 l
421.013 43.405 421.43 43.635 421.547 44.03 c
421.547 44.03 l
421.663 44.426 421.436 44.849 421.034 44.965 c
421.034 44.965 l
420.963 44.986 420.891 44.995 420.822 44.995 c
420.822 44.995 l
420.496 44.995 420.198 44.782 420.103 44.451 c
421.928 43.573 m
421.797 43.109 422.053 42.632 422.516 42.496 c
422.516 42.496 l
422.975 42.363 423.458 42.628 423.588 43.081 c
423.588 43.081 l
423.723 43.541 423.464 44.023 423.002 44.159 c
423.002 44.159 l
422.921 44.183 422.838 44.195 422.758 44.195 c
422.758 44.195 l
422.382 44.195 422.038 43.95 421.928 43.573 c
426.341 43.637 m
426.237 43.279 426.443 42.908 426.795 42.806 c
426.795 42.806 l
427.153 42.701 427.522 42.903 427.628 43.259 c
427.628 43.259 l
427.73 43.61 427.531 43.984 427.174 44.088 c
427.174 44.088 l
427.11 44.107 427.046 44.115 426.983 44.115 c
426.983 44.115 l
426.693 44.115 426.425 43.925 426.341 43.637 c
424.158 43.26 m
424.042 42.866 424.271 42.449 424.669 42.331 c
424.669 42.331 l
425.071 42.211 425.49 42.439 425.604 42.836 c
425.604 42.836 l
425.718 43.238 425.495 43.656 425.095 43.772 c
425.095 43.772 l
425.023 43.793 424.95 43.803 424.879 43.803 c
424.879 43.803 l
424.554 43.803 424.255 43.591 424.158 43.26 c
W n
q
0 g
-13.734314 4.0336914 4.0336914 13.734314 431.5528107 47.8736115 cm
BX /Sh1 sh EX Q
Q
q
425.217 59.523 m
424.892 59.179 424.908 58.636 425.254 58.31 c
425.254 58.31 l
425.598 57.984 426.144 58.001 426.466 58.345 c
426.466 58.345 l
426.791 58.693 426.773 59.234 426.429 59.559 c
426.429 59.559 l
426.264 59.714 426.053 59.792 425.842 59.792 c
425.842 59.792 l
425.615 59.792 425.386 59.702 425.217 59.523 c
422.5 59.313 m
422.243 59.04 422.256 58.614 422.528 58.357 c
422.528 58.357 l
422.797 58.102 423.227 58.116 423.483 58.386 c
423.483 58.386 l
423.737 58.657 423.726 59.087 423.454 59.342 c
423.454 59.342 l
423.323 59.464 423.158 59.524 422.991 59.524 c
422.991 59.524 l
422.811 59.524 422.632 59.453 422.5 59.313 c
427.879 58.8 m
427.513 58.412 427.529 57.803 427.918 57.434 c
427.918 57.434 l
428.305 57.068 428.92 57.088 429.283 57.474 c
429.283 57.474 l
429.647 57.862 429.631 58.475 429.244 58.839 c
429.244 58.839 l
429.055 59.016 428.818 59.103 428.58 59.103 c
428.58 59.103 l
428.324 59.103 428.068 59 427.879 58.8 c
419.905 58.264 m
419.699 58.045 419.709 57.701 419.928 57.491 c
419.928 57.491 l
420.149 57.286 420.494 57.295 420.702 57.514 c
420.702 57.514 l
420.909 57.733 420.898 58.081 420.68 58.288 c
420.68 58.288 l
420.574 58.386 420.438 58.435 420.303 58.435 c
420.303 58.435 l
420.157 58.435 420.012 58.378 419.905 58.264 c
430.131 57.29 m
429.708 56.845 429.726 56.144 430.175 55.722 c
430.175 55.722 l
430.62 55.299 431.324 55.321 431.743 55.764 c
431.743 55.764 l
432.165 56.216 432.144 56.917 431.699 57.338 c
431.699 57.338 l
431.483 57.54 431.21 57.64 430.939 57.64 c
430.939 57.64 l
430.644 57.64 430.348 57.522 430.131 57.29 c
417.752 56.422 m
417.595 56.257 417.604 56.001 417.768 55.846 c
417.768 55.846 l
417.935 55.688 418.191 55.698 418.344 55.862 c
418.344 55.862 l
418.499 56.028 418.492 56.284 418.329 56.439 c
418.329 56.439 l
418.248 56.513 418.146 56.55 418.046 56.55 c
418.046 56.55 l
417.938 56.55 417.832 56.507 417.752 56.422 c
431.98 54.933 m
431.615 54.546 431.631 53.935 432.022 53.569 c
432.022 53.569 l
432.411 53.202 433.022 53.225 433.385 53.61 c
433.385 53.61 l
433.752 53.999 433.735 54.607 433.344 54.977 c
433.344 54.977 l
433.159 55.151 432.922 55.238 432.686 55.238 c
432.686 55.238 l
432.429 55.238 432.172 55.136 431.98 54.933 c
416.042 54.162 m
415.832 53.944 415.845 53.599 416.067 53.39 c
416.067 53.39 l
416.285 53.183 416.631 53.192 416.84 53.411 c
416.84 53.411 l
417.043 53.631 417.036 53.976 416.815 54.183 c
416.815 54.183 l
416.709 54.283 416.575 54.333 416.441 54.333 c
416.441 54.333 l
416.295 54.333 416.15 54.275 416.042 54.162 c
433.02 52.175 m
432.694 51.831 432.71 51.286 433.057 50.962 c
433.057 50.962 l
433.402 50.634 433.945 50.655 434.27 50.999 c
434.27 50.999 l
434.596 51.341 434.578 51.887 434.233 52.211 c
434.233 52.211 l
434.066 52.367 433.855 52.445 433.644 52.445 c
433.644 52.445 l
433.416 52.445 433.189 52.354 433.02 52.175 c
415.151 51.51 m
414.899 51.236 414.905 50.813 415.179 50.556 c
415.179 50.556 l
415.449 50.299 415.88 50.314 416.136 50.582 c
416.136 50.582 l
416.391 50.853 416.377 51.285 416.108 51.539 c
416.108 51.539 l
415.975 51.662 415.809 51.723 415.642 51.723 c
415.642 51.723 l
415.462 51.723 415.283 51.652 415.151 51.51 c
433.236 49.199 m
432.982 48.927 432.996 48.499 433.266 48.245 c
433.266 48.245 l
433.541 47.986 433.965 48.001 434.222 48.272 c
434.222 48.272 l
434.476 48.544 434.468 48.97 434.191 49.227 c
434.191 49.227 l
434.062 49.35 433.896 49.41 433.729 49.41 c
433.729 49.41 l
433.55 49.41 433.369 49.339 433.236 49.199 c
415.102 48.785 m
414.779 48.443 414.794 47.897 415.139 47.572 c
415.139 47.572 l
415.485 47.245 416.028 47.262 416.353 47.607 c
416.353 47.607 l
416.678 47.95 416.662 48.495 416.317 48.822 c
416.317 48.822 l
416.151 48.98 415.941 49.056 415.732 49.056 c
415.732 49.056 l
415.501 49.056 415.273 48.965 415.102 48.785 c
432.534 46.371 m
432.326 46.151 432.337 45.805 432.556 45.595 c
432.556 45.595 l
432.778 45.389 433.124 45.4 433.332 45.622 c
433.332 45.622 l
433.537 45.84 433.529 46.187 433.309 46.395 c
433.309 46.395 l
433.202 46.494 433.067 46.544 432.932 46.544 c
432.932 46.544 l
432.787 46.544 432.641 46.485 432.534 46.371 c
415.988 46.17 m
415.622 45.785 415.634 45.175 416.023 44.806 c
416.023 44.806 l
416.416 44.442 417.028 44.462 417.389 44.847 c
417.389 44.847 l
417.756 45.234 417.737 45.849 417.351 46.212 c
417.351 46.212 l
417.164 46.388 416.928 46.474 416.693 46.474 c
416.693 46.474 l
416.435 46.474 416.178 46.372 415.988 46.17 c
417.627 44.016 m
417.208 43.565 417.227 42.87 417.675 42.446 c
417.675 42.446 l
418.12 42.025 418.825 42.045 419.242 42.493 c
419.242 42.493 l
419.664 42.94 419.643 43.639 419.197 44.063 c
419.197 44.063 l
418.981 44.265 418.707 44.365 418.434 44.365 c
418.434 44.365 l
418.14 44.365 417.846 44.248 417.627 44.016 c
431.026 43.918 m
430.872 43.754 430.88 43.496 431.044 43.341 c
431.044 43.341 l
431.21 43.19 431.466 43.195 431.619 43.363 c
431.619 43.363 l
431.775 43.524 431.769 43.782 431.602 43.935 c
431.602 43.935 l
431.525 44.011 431.423 44.048 431.323 44.048 c
431.323 44.048 l
431.215 44.048 431.105 44.004 431.026 43.918 c
420.089 42.304 m
419.725 41.922 419.743 41.309 420.132 40.943 c
420.132 40.943 l
420.52 40.576 421.133 40.595 421.494 40.982 c
421.494 40.982 l
421.858 41.372 421.845 41.981 421.455 42.348 c
421.455 42.348 l
421.268 42.522 421.03 42.61 420.792 42.61 c
420.792 42.61 l
420.536 42.61 420.278 42.507 420.089 42.304 c
428.67 42.268 m
428.462 42.048 428.473 41.702 428.692 41.495 c
428.692 41.495 l
428.914 41.287 429.26 41.297 429.466 41.518 c
429.466 41.518 l
429.673 41.737 429.664 42.081 429.442 42.29 c
429.442 42.29 l
429.336 42.39 429.201 42.439 429.067 42.439 c
429.067 42.439 l
428.922 42.439 428.776 42.383 428.67 42.268 c
422.904 41.438 m
422.58 41.094 422.595 40.547 422.941 40.226 c
422.941 40.226 l
423.29 39.898 423.83 39.914 424.154 40.26 c
424.154 40.26 l
424.48 40.603 424.466 41.147 424.12 41.471 c
424.12 41.471 l
423.954 41.629 423.743 41.706 423.531 41.706 c
423.531 41.706 l
423.301 41.706 423.073 41.615 422.904 41.438 c
425.889 41.394 m
425.634 41.126 425.647 40.696 425.918 40.44 c
425.918 40.44 l
426.19 40.184 426.617 40.201 426.874 40.471 c
426.874 40.471 l
427.129 40.738 427.119 41.169 426.846 41.425 c
426.846 41.425 l
426.714 41.547 426.548 41.608 426.381 41.608 c
426.381 41.608 l
426.202 41.608 426.022 41.537 425.889 41.394 c
W n
q
0 g
-13.4640503 13.4640503 13.4640503 13.4640503 431.4182892 43.1607208 cm
BX /Sh2 sh EX Q
Q
q
425.935 62.555 m
425.534 62.475 425.272 62.089 425.353 61.683 c
425.353 61.683 l
425.434 61.283 425.823 61.021 426.227 61.102 c
426.227 61.102 l
426.628 61.182 426.888 61.573 426.809 61.973 c
426.809 61.973 l
426.738 62.329 426.429 62.57 426.084 62.57 c
426.084 62.57 l
426.035 62.57 425.985 62.566 425.935 62.555 c
422.86 62.353 m
422.544 62.307 422.324 62.015 422.37 61.696 c
422.37 61.696 l
422.417 61.378 422.712 61.161 423.028 61.207 c
423.028 61.207 l
423.345 61.253 423.566 61.547 423.519 61.865 c
423.519 61.865 l
423.477 62.153 423.229 62.359 422.946 62.359 c
422.946 62.359 l
422.916 62.359 422.888 62.357 422.86 62.353 c
428.9 61.929 m
428.419 61.807 428.127 61.32 428.251 60.835 c
428.251 60.835 l
428.374 60.355 428.865 60.063 429.346 60.188 c
429.346 60.188 l
429.826 60.309 430.117 60.801 429.994 61.281 c
429.994 61.281 l
429.889 61.688 429.524 61.958 429.124 61.958 c
429.124 61.958 l
429.051 61.958 428.975 61.948 428.9 61.929 c
419.712 61.42 m
419.439 61.303 419.311 60.986 419.431 60.71 c
419.431 60.71 l
419.548 60.437 419.867 60.312 420.14 60.43 c
420.14 60.43 l
420.413 60.548 420.541 60.865 420.422 61.138 c
420.422 61.138 l
420.335 61.344 420.136 61.465 419.928 61.465 c
419.928 61.465 l
419.856 61.465 419.783 61.45 419.712 61.42 c
431.528 60.599 m
430.938 60.415 430.606 59.788 430.79 59.196 c
430.79 59.196 l
430.975 58.604 431.606 58.274 432.194 58.459 c
432.194 58.459 l
432.787 58.644 433.115 59.273 432.931 59.862 c
432.931 59.862 l
432.781 60.343 432.339 60.651 431.865 60.651 c
431.865 60.651 l
431.753 60.651 431.64 60.633 431.528 60.599 c
416.873 59.773 m
416.622 59.573 416.578 59.21 416.776 58.958 c
416.776 58.958 l
416.975 58.705 417.342 58.665 417.592 58.862 c
417.592 58.862 l
417.843 59.062 417.887 59.425 417.687 59.677 c
417.687 59.677 l
417.572 59.822 417.403 59.897 417.234 59.897 c
417.234 59.897 l
417.108 59.897 416.98 59.856 416.873 59.773 c
433.687 58.505 m
433.045 58.268 432.715 57.56 432.956 56.917 c
432.956 56.917 l
433.193 56.276 433.904 55.949 434.542 56.185 c
434.542 56.185 l
435.182 56.421 435.511 57.135 435.273 57.775 c
435.273 57.775 l
435.089 58.276 434.617 58.582 434.116 58.582 c
434.116 58.582 l
433.974 58.582 433.828 58.557 433.687 58.505 c
414.616 57.674 m
414.281 57.436 414.198 56.976 414.439 56.64 c
414.439 56.64 l
414.676 56.306 415.139 56.227 415.473 56.463 c
415.473 56.463 l
415.807 56.701 415.886 57.163 415.649 57.497 c
415.649 57.497 l
415.504 57.703 415.276 57.811 415.045 57.811 c
415.045 57.811 l
414.896 57.811 414.746 57.766 414.616 57.674 c
435.189 55.885 m
434.504 55.589 434.189 54.804 434.485 54.118 c
434.485 54.118 l
434.779 53.435 435.569 53.12 436.252 53.414 c
436.252 53.414 l
436.933 53.708 437.25 54.5 436.954 55.181 c
436.954 55.181 l
436.734 55.693 436.24 55.994 435.72 55.994 c
435.72 55.994 l
435.542 55.994 435.362 55.959 435.189 55.885 c
413.036 55.088 m
412.618 54.824 412.491 54.27 412.757 53.848 c
412.757 53.848 l
413.023 53.428 413.579 53.303 413.997 53.567 c
413.997 53.567 l
414.418 53.833 414.542 54.391 414.277 54.812 c
414.277 54.812 l
414.105 55.082 413.815 55.229 413.518 55.229 c
413.518 55.229 l
413.353 55.229 413.186 55.184 413.036 55.088 c
436.029 52.739 m
435.42 52.437 435.168 51.695 435.47 51.084 c
435.47 51.084 l
435.776 50.467 436.514 50.222 437.127 50.525 c
437.127 50.525 l
437.737 50.827 437.99 51.565 437.686 52.18 c
437.686 52.18 l
437.471 52.615 437.031 52.867 436.576 52.867 c
436.576 52.867 l
436.391 52.867 436.205 52.826 436.029 52.739 c
412.199 52.262 m
411.659 51.96 411.466 51.278 411.772 50.738 c
411.772 50.738 l
412.074 50.198 412.757 50.006 413.298 50.309 c
413.298 50.309 l
413.837 50.611 414.03 51.296 413.726 51.836 c
413.726 51.836 l
413.52 52.202 413.141 52.407 412.75 52.407 c
412.75 52.407 l
412.564 52.407 412.374 52.359 412.199 52.262 c
436.072 49.471 m
435.533 49.169 435.34 48.485 435.643 47.944 c
435.643 47.944 l
435.948 47.402 436.631 47.215 437.168 47.517 c
437.168 47.517 l
437.71 47.821 437.901 48.501 437.597 49.042 c
437.597 49.042 l
437.392 49.409 437.011 49.615 436.62 49.615 c
436.62 49.615 l
436.433 49.615 436.245 49.568 436.072 49.471 c
412.242 49.255 m
411.633 48.955 411.378 48.215 411.682 47.601 c
411.682 47.601 l
411.986 46.989 412.729 46.738 413.34 47.041 c
413.34 47.041 l
413.952 47.344 414.202 48.086 413.899 48.697 c
413.899 48.697 l
413.683 49.135 413.248 49.386 412.794 49.386 c
412.794 49.386 l
412.609 49.386 412.42 49.343 412.242 49.255 c
413.118 46.365 m
412.437 46.073 412.119 45.284 412.415 44.599 c
412.415 44.599 l
412.708 43.915 413.502 43.602 414.183 43.897 c
414.183 43.897 l
414.863 44.19 415.177 44.982 414.883 45.664 c
414.883 45.664 l
414.663 46.174 414.17 46.476 413.651 46.476 c
413.651 46.476 l
413.473 46.476 413.292 46.44 413.118 46.365 c
435.373 46.212 m
434.954 45.947 434.828 45.391 435.093 44.972 c
435.093 44.972 l
435.36 44.551 435.915 44.428 436.334 44.693 c
436.334 44.693 l
436.754 44.959 436.88 45.512 436.612 45.933 c
436.612 45.933 l
436.441 46.202 436.15 46.351 435.852 46.351 c
435.852 46.351 l
435.688 46.351 435.522 46.307 435.373 46.212 c
414.827 43.594 m
414.187 43.357 413.859 42.645 414.095 42.007 c
414.095 42.007 l
414.334 41.36 415.047 41.04 415.683 41.278 c
415.683 41.278 l
416.326 41.514 416.653 42.221 416.416 42.866 c
416.416 42.866 l
416.23 43.364 415.759 43.673 415.255 43.673 c
415.255 43.673 l
415.113 43.673 414.967 43.647 414.827 43.594 c
433.897 43.317 m
433.561 43.08 433.483 42.617 433.719 42.282 c
433.719 42.282 l
433.957 41.947 434.421 41.868 434.756 42.105 c
434.756 42.105 l
435.09 42.341 435.169 42.804 434.93 43.141 c
434.93 43.141 l
434.786 43.345 434.558 43.454 434.325 43.454 c
434.325 43.454 l
434.177 43.454 434.027 43.409 433.897 43.317 c
417.173 41.321 m
416.582 41.137 416.254 40.51 416.439 39.918 c
416.439 39.918 l
416.624 39.322 417.25 38.997 417.841 39.182 c
417.841 39.182 l
418.432 39.366 418.764 39.992 418.578 40.585 c
418.578 40.585 l
418.429 41.065 417.985 41.372 417.508 41.372 c
417.508 41.372 l
417.397 41.372 417.284 41.356 417.173 41.321 c
431.778 40.919 m
431.528 40.719 431.483 40.353 431.681 40.104 c
431.681 40.104 l
431.881 39.851 432.247 39.812 432.497 40.01 c
432.497 40.01 l
432.748 40.208 432.792 40.571 432.593 40.824 c
432.593 40.824 l
432.478 40.968 432.31 41.043 432.139 41.043 c
432.139 41.043 l
432.013 41.043 431.884 41.002 431.778 40.919 c
420.025 39.592 m
419.545 39.469 419.254 38.982 419.377 38.5 c
419.377 38.5 l
419.499 38.016 419.988 37.729 420.469 37.851 c
420.469 37.851 l
420.951 37.975 421.243 38.461 421.12 38.945 c
421.12 38.945 l
421.016 39.351 420.65 39.62 420.249 39.62 c
420.249 39.62 l
420.174 39.62 420.101 39.612 420.025 39.592 c
429.23 39.351 m
428.957 39.234 428.83 38.916 428.948 38.641 c
428.948 38.641 l
429.068 38.366 429.385 38.242 429.657 38.36 c
429.657 38.36 l
429.932 38.477 430.06 38.795 429.942 39.069 c
429.942 39.069 l
429.853 39.273 429.655 39.395 429.445 39.395 c
429.445 39.395 l
429.373 39.395 429.299 39.381 429.23 39.351 c
423.143 38.678 m
422.741 38.598 422.48 38.205 422.561 37.805 c
422.561 37.805 l
422.642 37.401 423.033 37.142 423.435 37.221 c
423.435 37.221 l
423.835 37.304 424.097 37.694 424.016 38.099 c
424.016 38.099 l
423.945 38.449 423.635 38.694 423.289 38.694 c
423.289 38.694 l
423.24 38.694 423.193 38.688 423.143 38.678 c
426.341 38.574 m
426.026 38.527 425.805 38.232 425.852 37.915 c
425.852 37.915 l
425.898 37.597 426.194 37.38 426.51 37.426 c
426.51 37.426 l
426.826 37.473 427.047 37.766 427 38.083 c
427 38.083 l
426.959 38.373 426.711 38.579 426.424 38.579 c
426.424 38.579 l
426.397 38.579 426.369 38.579 426.341 38.574 c
W n
q
0 g
-9.9468689 23.0601349 23.0601349 9.9468689 429.6583862 38.3588257 cm
BX /Sh3 sh EX Q
Q
q
423.993 65.282 m
423.993 64.899 424.303 64.59 424.685 64.59 c
424.685 64.59 l
425.067 64.59 425.377 64.899 425.377 65.282 c
425.377 65.282 l
425.377 65.666 425.067 65.973 424.685 65.973 c
424.685 65.973 l
424.303 65.973 423.993 65.666 423.993 65.282 c
420.509 65.473 m
420.114 65.368 419.875 64.962 419.982 64.566 c
419.982 64.566 l
420.089 64.167 420.499 63.933 420.892 64.04 c
420.892 64.04 l
421.289 64.146 421.526 64.553 421.421 64.95 c
421.421 64.95 l
421.331 65.282 421.031 65.499 420.705 65.499 c
420.705 65.499 l
420.64 65.499 420.574 65.491 420.509 65.473 c
427.951 64.949 m
427.844 64.552 428.081 64.146 428.477 64.04 c
428.477 64.04 l
428.872 63.933 429.281 64.167 429.387 64.565 c
429.387 64.565 l
429.493 64.961 429.256 65.368 428.86 65.473 c
428.86 65.473 l
428.795 65.491 428.729 65.498 428.665 65.498 c
428.665 65.498 l
428.339 65.498 428.04 65.282 427.951 64.949 c
431.453 63.421 m
431.343 62.908 431.67 62.403 432.185 62.294 c
432.185 62.294 l
432.698 62.184 433.202 62.512 433.311 63.024 c
433.311 63.024 l
433.422 63.542 433.093 64.043 432.581 64.151 c
432.581 64.151 l
432.512 64.166 432.445 64.174 432.378 64.174 c
432.378 64.174 l
431.94 64.174 431.547 63.869 431.453 63.421 c
416.79 64.152 m
416.277 64.043 415.947 63.542 416.057 63.024 c
416.057 63.024 l
416.166 62.512 416.671 62.184 417.185 62.294 c
417.185 62.294 l
417.699 62.403 418.026 62.908 417.918 63.421 c
417.918 63.421 l
417.822 63.869 417.429 64.174 416.99 64.174 c
416.99 64.174 l
416.924 64.174 416.857 64.166 416.79 64.152 c
413.621 61.911 m
412.994 61.811 412.565 61.226 412.664 60.594 c
412.664 60.594 l
412.764 59.967 413.354 59.537 413.981 59.636 c
413.981 59.636 l
414.609 59.736 415.039 60.326 414.94 60.954 c
414.94 60.954 l
414.85 61.524 414.361 61.926 413.806 61.926 c
413.806 61.926 l
413.744 61.926 413.683 61.921 413.621 61.911 c
434.432 60.953 m
434.332 60.326 434.76 59.735 435.388 59.635 c
435.388 59.635 l
436.014 59.536 436.607 59.966 436.706 60.594 c
436.706 60.594 l
436.807 61.225 436.375 61.81 435.75 61.911 c
435.75 61.911 l
435.689 61.921 435.628 61.924 435.568 61.924 c
435.568 61.924 l
435.01 61.924 434.521 61.525 434.432 60.953 c
436.585 57.736 m
436.502 56.948 437.078 56.241 437.863 56.158 c
437.863 56.158 l
438.653 56.075 439.357 56.649 439.44 57.436 c
439.44 57.436 l
439.524 58.229 438.952 58.931 438.163 59.015 c
438.163 59.015 l
438.113 59.02 438.061 59.023 438.012 59.023 c
438.012 59.023 l
437.288 59.023 436.662 58.477 436.585 57.736 c
411.205 59.015 m
410.416 58.931 409.845 58.229 409.927 57.436 c
409.927 57.436 l
410.01 56.649 410.715 56.075 411.505 56.159 c
411.505 56.159 l
412.294 56.242 412.867 56.948 412.783 57.736 c
412.783 57.736 l
412.705 58.477 412.083 59.023 411.359 59.023 c
411.359 59.023 l
411.309 59.023 411.256 59.02 411.205 59.015 c
437.975 53.959 m
437.928 53.086 438.6 52.34 439.47 52.294 c
439.47 52.294 l
440.345 52.249 441.091 52.919 441.137 53.793 c
441.137 53.793 l
441.183 54.671 440.509 55.41 439.638 55.456 c
439.638 55.456 l
439.61 55.458 439.581 55.459 439.553 55.459 c
439.553 55.459 l
438.719 55.459 438.019 54.807 437.975 53.959 c
409.729 55.456 m
408.86 55.41 408.185 54.671 408.232 53.793 c
408.232 53.793 l
408.277 52.919 409.026 52.249 409.898 52.294 c
409.898 52.294 l
410.77 52.34 411.44 53.086 411.396 53.959 c
411.396 53.959 l
411.351 54.807 410.653 55.459 409.815 55.459 c
409.815 55.459 l
409.787 55.459 409.758 55.458 409.729 55.456 c
438.353 49.893 m
438.353 48.94 439.124 48.168 440.075 48.168 c
440.075 48.168 l
441.026 48.168 441.798 48.94 441.798 49.89 c
441.798 49.89 l
441.798 50.847 441.026 51.612 440.077 51.612 c
440.077 51.612 l
439.124 51.612 438.353 50.847 438.353 49.893 c
407.569 49.89 m
407.569 48.94 408.345 48.168 409.294 48.168 c
409.294 48.168 l
410.242 48.168 411.014 48.94 411.014 49.893 c
411.014 49.893 l
411.014 50.847 410.242 51.612 409.294 51.612 c
409.294 51.612 l
408.345 51.612 407.569 50.847 407.569 49.89 c
439.47 47.487 m
438.6 47.442 437.928 46.696 437.975 45.824 c
437.975 45.824 l
438.021 44.945 438.766 44.282 439.638 44.326 c
439.638 44.326 l
440.509 44.372 441.182 45.111 441.137 45.99 c
441.137 45.99 l
441.093 46.832 440.39 47.488 439.554 47.488 c
439.554 47.488 l
439.526 47.488 439.498 47.488 439.47 47.487 c
408.233 45.99 m
408.186 45.111 408.86 44.372 409.729 44.326 c
409.729 44.326 l
410.605 44.282 411.35 44.945 411.396 45.824 c
411.396 45.824 l
411.441 46.696 410.771 47.442 409.899 47.487 c
409.899 47.487 l
409.871 47.488 409.842 47.488 409.815 47.488 c
409.815 47.488 l
408.979 47.489 408.276 46.832 408.233 45.99 c
437.863 43.623 m
437.077 43.54 436.502 42.833 436.585 42.045 c
436.585 42.045 l
436.668 41.252 437.377 40.684 438.162 40.768 c
438.162 40.768 l
438.952 40.85 439.524 41.553 439.44 42.345 c
439.44 42.345 l
439.363 43.083 438.741 43.63 438.015 43.63 c
438.015 43.63 l
437.964 43.63 437.914 43.628 437.863 43.623 c
409.927 42.344 m
409.846 41.552 410.416 40.85 411.205 40.768 c
411.205 40.768 l
411.994 40.684 412.7 41.252 412.783 42.045 c
412.783 42.045 l
412.867 42.833 412.294 43.54 411.505 43.623 c
411.505 43.623 l
411.454 43.628 411.403 43.63 411.351 43.63 c
411.351 43.63 l
410.627 43.63 410.007 43.082 409.927 42.344 c
435.389 40.144 m
434.76 40.045 434.331 39.455 434.432 38.826 c
434.432 38.826 l
434.53 38.196 435.121 37.77 435.749 37.87 c
435.749 37.87 l
436.375 37.969 436.806 38.556 436.705 39.188 c
436.705 39.188 l
436.616 39.755 436.125 40.159 435.568 40.159 c
435.568 40.159 l
435.509 40.159 435.45 40.154 435.389 40.144 c
412.665 39.188 m
412.565 38.556 412.994 37.968 413.622 37.87 c
413.622 37.87 l
414.25 37.77 414.841 38.196 414.94 38.826 c
414.94 38.826 l
415.039 39.454 414.609 40.045 413.981 40.143 c
413.981 40.143 l
413.92 40.153 413.86 40.158 413.799 40.158 c
413.799 40.158 l
413.244 40.158 412.755 39.754 412.665 39.188 c
432.185 37.489 m
431.67 37.38 431.342 36.873 431.452 36.362 c
431.452 36.362 l
431.561 35.845 432.066 35.518 432.581 35.627 c
432.581 35.627 l
433.093 35.735 433.421 36.239 433.311 36.757 c
433.311 36.757 l
433.217 37.202 432.822 37.508 432.383 37.508 c
432.383 37.508 l
432.317 37.508 432.25 37.502 432.185 37.489 c
416.058 36.756 m
415.947 36.239 416.277 35.735 416.79 35.627 c
416.79 35.627 l
417.303 35.518 417.808 35.845 417.918 36.362 c
417.918 36.362 l
418.026 36.873 417.699 37.38 417.185 37.489 c
417.185 37.489 l
417.118 37.502 417.053 37.508 416.987 37.508 c
416.987 37.508 l
416.548 37.508 416.153 37.202 416.058 36.756 c
428.476 35.742 m
428.081 35.635 427.844 35.227 427.95 34.832 c
427.95 34.832 l
428.057 34.434 428.465 34.202 428.86 34.307 c
428.86 34.307 l
429.257 34.413 429.493 34.818 429.386 35.217 c
429.386 35.217 l
429.298 35.547 428.997 35.767 428.669 35.767 c
428.669 35.767 l
428.604 35.767 428.539 35.759 428.476 35.742 c
419.982 35.216 m
419.876 34.818 420.114 34.413 420.509 34.307 c
420.509 34.307 l
420.906 34.202 421.314 34.434 421.421 34.833 c
421.421 34.833 l
421.526 35.227 421.289 35.635 420.892 35.742 c
420.892 35.742 l
420.828 35.759 420.764 35.767 420.701 35.767 c
420.701 35.767 l
420.374 35.767 420.072 35.547 419.982 35.216 c
423.993 34.5 m
423.993 34.116 424.303 33.809 424.685 33.809 c
424.685 33.809 l
425.067 33.809 425.377 34.116 425.377 34.501 c
425.377 34.501 l
425.377 34.881 425.067 35.191 424.685 35.191 c
424.685 35.191 l
424.303 35.191 423.993 34.881 423.993 34.5 c
W n
q
0 g
0 32.1641235 32.1641235 0 424.6841583 33.8083344 cm
BX /Sh4 sh EX Q
EMC 
Q
BT
0.375 0.324 0.309  scn
/T1_1 1 Tf
9.2181 0 0 9.2181 37.194 298.5012 Tm
[(\037)20(\036\035\034\033\032\036\031\030)4(\027)5(\026\033\032\035\027\025\026)2(\027\035\024\036)-2(\023\024\022)8(\036\035\027)1(\034\031\033\035\027)3(\023\035\021)3(\023\034\035\020)17(\023\031\035\033\036)-2(\017\035\016\032\036)1(\026\030\r\035\f\036)3(\027)3(\027)3(\036\031\035\030)4(\027\031)3(\026)2(\027)3(\036)-2(\013\016\036)-4(\030\035\026\033\032\r\035\024\031)3(\026\n)1(\027\016\n)1(\026\022\035)]TJ
0 -1.211 TD
[(\030\023\022\034\027\016\023\033\030\035\020)17(\023\031\035\027\025\036\016\031\035\031)8(\036)-4(\030\036)1(\026\031)8(\n\025\035\033\036)-2(\036)-2(\032\030\t\035)20(\b\025\023\007\030\023\033\035\006)11(\036\034\027)3(\036\031\030\035\031)8(\036)-4(\030\023\034\031)8(\n\036)-4(\030\035\026\022\022)8(\023\017\035\021)3(\023\034\035\026\033\032\035\021)3(\023\034\031\035)]TJ
T*
[(\031)8(\036)-4(\030\036)1(\026\031)8(\n\025\036\031\030\035\027)3(\023\035\005\033\032\035\026\033\032\035\024\034\031\030\034\036\035\027\\025\036\035\007\023)-1(\030)4(\027\035\031)8(\036\022)8(\036)-2(\004)4(\026\033)2(\027\035\031)8(\036)-4(\030\036)1(\026\031)8(\n\025\035\026\033\032\035\007\026\003)15(\036\035\n\023\033\005\032\036\033)2(\027\035)]TJ
T*
[(\032\036)-2(\n\016\030\016\023\033\030\035\f\026\030\036)-2(\032\035\023\033\035\026\n\n\034\031)3(\026)2(\027)3(\036\r\035\023\f\002\036)-2(\n)1(\027\016\004)3(\036\035\016\033\020)17(\023\031\007\026)2(\027\016\023\033\035\026\033\032\035\030\023\034\033\032\035\007\036)3(\027\031\016\n)-5(\030\t\035)]TJ
/T1_2 1 Tf
0 -2.323 TD
[(W)21(eb o)4(f Kno)2(wle)-1(dge)]TJ
/T1_1 1 Tf
5.3742 0 0 5.3742 106.0889 246.6767 Tm
(\001)Tj
9.2181 0 0 9.2181 113.3976 243.607 Tm
[(\035\f\031\016\033\013\030\035\034\033\016\201\034\036\r\035\016\033\215\)-2(\032\036\024)2(\027\025\035\036)-2(\004)4(\026\022\034\026)2(\027\016\023\033\035\027)3(\023\023\022\030\035\027)3(\023\035\027\025\036\035\017\023\031\022)8(\032\217)30(\030\035\022)8(\036)1(\026\032\016\033\013\035)]TJ
-8.267 -1.211 Td
[(\n\016\027)5(\026)2(\027\016\023\033\035\032\026)2(\027)5(\026\f\026\030\036)-4(\030\r\035\016\033\n\022\034\032\016\033\013\035)]TJ
/T1_2 1 Tf
[(W)21(eb o)4(f S)-2(cienc)3(e)]TJ
/T1_1 1 Tf
5.3742 0 0 5.3742 205.523 235.5179 Tm
(\001)Tj
9.2181 0 0 9.2181 212.8317 232.4483 Tm
[(\035\026\033\032\035\027\025\036\035\033\036)-2(\017\022)8(\021\035\022\026\034\033\n\025\036)-2(\032\035)]TJ
/T1_2 1 Tf
[(Bo)-1(ok Cit)7(a)2(tion )]TJ
-19.054 -1.211 Td
[(Inde)-8(x)]TJ
/T1_1 1 Tf
5.3742 0 0 5.3742 57.5287 224.3592 Tm
(\001)Tj
9.2181 0 0 9.2181 64.8375 221.2895 Tm
[(\r\035\026\022\022)8(\023\017\016\033\013\035\021)3(\023\034\035\027)3(\023\035\030\036)1(\026\031)8(\n\025\r\035\036)-2(\004)4(\026\022\034\026)2(\027)3(\036\r\035\026\033\032\035\030\025\026\031)8(\036\035\n\031\016\027\016\n)1(\026\022\035\016\033\020)17(\023\031\007\026)2(\027\016\023\033\035\020)10(\031)8(\023\007\035)]TJ
-2.999 -1.211 Td
[(\026\n\031)8(\023)-1(\030\030\035\027\025\036\035\031)8(\036)-4(\030\036)1(\026\031)8(\n\025\035\022\026\033\032\030\n)1(\026\024\036\t\035\037)2(\016\027\025\035)]TJ
/T1_2 1 Tf
[(E)1(ndno)4(t)7(e\256 W)21(eb)2(,)]TJ
/T1_1 1 Tf
[(\035\021)3(\023\034\031\035\034\030\036\031\030\035\n)1(\026\033\035\030)4(\027\031)8(\036)1(\026\007\022\016\033\036\035\027\025\036\016\031\035)]TJ
0 -1.237 TD
[(\017\023\031\003\220)8(\023\017\035\017\016\027\025\035\016\033)2(\027)3(\036)-2(\013\031)3(\026)2(\027)3(\036)-2(\032\035\030\036)1(\026\031)8(\n\025\016\033\013\r\035\017\031\016\027\016\033\013\r\035\026\033\032\035\\f\016\f\022\016\023\013\031)3(\026\024\025)2(\021\035\n\031)8(\036)1(\026)2(\027\016\023\033\t\035)]TJ
/T1_3 1 Tf
0 -2.35 TD
[(\037)1(\036\035\034\033\036\035)2(\032\034\031\030\027)11(\036\035\033\026)4(\025\031\036\030\034\024\031\023\031\025)]TJ
/T1_1 1 Tf
(\035)Tj
0.965 0.538 0.121  scn
/T1_3 1 Tf
[(\022\036\021\031\030\027)11(\036\020\017)1(\036\033)]TJ
14.0282 0 0 14.0282 37.194 322.7554 Tm
[(\016)23(\032\r)6(\017)1(\036\033\032\034\025)1(\036\034\025\f\031\023\034\013)4(\032\026\035)-41(\n)31(\023\034\t\b)-20(\007\034\017)1(\036\030\027)11(\032\035)2(\032\030\017)1(\032\020)]TJ
ET
q
373.261 320.022 175.546 -24.426 re
W n
q
0 g
175.5453644 0 0 -175.5453644 373.2614288 295.5966492 cm
BX /Sh5 sh EX Q
Q
BT
/T1_4 1 Tf
12.159 0 0 12.159 379.7751 323.101 Tm
[(S)6(T)15(OP B)17(Y OUR BO)-8(O)15(TH #4)-10(2)5(4)]TJ
1 1 1  scn
/T1_3 1 Tf
13.6789 0 0 13.6789 379.7751 305.2681 Tm
[(\006\030)1(\025)1(\032\035\034\025)1(\036\034\022\031\030\034\026\030\034)3(\007\005\005\r)6(\032\034\031\004)13(\026\003\002)]TJ
ET
q
405.513 223.591 100.285 62.356 re
W n
q
100.2856293 0 0 63.263504 405.5126038 222.6839752 cm
/Im1 Do
Q
/Metadata /MC2 BDC 
Q
q
111.24 493.071 346.777 243.545 re
W n
q
0 g
0.97 w 
/GS1 gs
/Fm0 Do
Q
q
0 g
0.97 w 
/GS1 gs
/Fm1 Do
Q
q
0 g
0.97 w 
/GS2 gs
/Fm2 Do
Q
q
0 g
0.97 w 
/GS3 gs
/Fm3 Do
Q
q
0 g
0.97 w 
/GS3 gs
/Fm4 Do
Q
q
0 g
0.97 w 
/GS4 gs
/Fm5 Do
Q
0.965 0.538 0.121  scn
q 1 0 0 1 356.7011 586.4553 cm
0 0 m
-0.287 0.276 -0.738 0.266 -1.013 -0.02 c
-1.285 -0.305 -1.279 -0.756 -0.993 -1.03 c
-0.708 -1.303 -0.254 -1.294 0.017 -1.011 c
0.292 -0.725 0.281 -0.273 0 0 c
f
Q
q
0 g
0.97 w 
/GS5 gs
/Fm6 Do
Q
q
0 g
0.97 w 
/GS5 gs
/Fm7 Do
Q
q
0 g
0.97 w 
/GS5 gs
/Fm8 Do
Q
q
0 g
0.97 w 
/GS5 gs
/Fm9 Do
Q
q
0 g
0.97 w 
/GS5 gs
/Fm10 Do
Q
q
0 g
0.97 w 
/GS1 gs
/Fm11 Do
Q
q
0 g
0.97 w 
/GS2 gs
/Fm12 Do
Q
q
0 g
0.97 w 
/GS3 gs
/Fm13 Do
Q
q
0 g
0.97 w 
/GS4 gs
/Fm14 Do
Q
q 1 0 0 1 382.252 566.8203 cm
0 0 m
-0.134 0.125 -0.344 0.117 -0.469 -0.016 c
-0.595 -0.15 -0.588 -0.361 -0.454 -0.486 c
-0.32 -0.612 -0.109 -0.605 0.017 -0.469 c
0.142 -0.336 0.134 -0.125 0 0 c
f
Q
q
0 g
0.97 w 
/GS5 gs
/Fm15 Do
Q
q
0 g
0.97 w 
/GS5 gs
/Fm16 Do
Q
q
0 g
0.97 w 
/GS1 gs
/Fm17 Do
Q
q
0 g
0.97 w 
/GS2 gs
/Fm18 Do
Q
q
0 g
0.97 w 
/GS3 gs
/Fm19 Do
Q
q
0 g
0.97 w 
/GS4 gs
/Fm20 Do
Q
q 1 0 0 1 416.7326 541.7659 cm
0 0 m
0.054 0.365 -0.198 0.702 -0.562 0.757 c
-0.925 0.81 -1.263 0.562 -1.319 0.197 c
-1.373 -0.166 -1.122 -0.507 -0.759 -0.562 c
-0.395 -0.615 -0.054 -0.365 0 0 c
f
Q
q
0 g
0.97 w 
/GS5 gs
/Fm21 Do
Q
q
0 g
0.97 w 
/GS5 gs
/Fm22 Do
Q
q
0 g
0.97 w 
/GS1 gs
/Fm23 Do
Q
q
0 g
0.97 w 
/GS2 gs
/Fm24 Do
Q
q
0 g
0.97 w 
/GS3 gs
/Fm25 Do
Q
q
0 g
0.97 w 
/GS4 gs
/Fm26 Do
Q
q
0 g
0.97 w 
/GS4 gs
/Fm27 Do
Q
q 1 0 0 1 429.8377 548.4695 cm
0 0 m
-0.389 0.174 -0.842 0 -1.015 -0.387 c
-1.189 -0.774 -1.017 -1.227 -0.63 -1.401 c
-0.244 -1.576 0.212 -1.403 0.384 -1.015 c
0.56 -0.628 0.386 -0.173 0 0 c
f
Q
q
0 g
0.97 w 
/GS5 gs
/Fm28 Do
Q
q
0 g
0.97 w 
/GS5 gs
/Fm29 Do
Q
q
0 g
0.97 w 
/GS1 gs
/Fm30 Do
Q
q
0 g
0.97 w 
/GS2 gs
/Fm31 Do
Q
q
0 g
0.97 w 
/GS3 gs
/Fm32 Do
Q
q
0 g
0.97 w 
/GS4 gs
/Fm33 Do
Q
q 1 0 0 1 451.5756 493.2424 cm
0 0 m
0.207 0.175 0.234 0.482 0.06 0.689 c
-0.113 0.895 -0.42 0.922 -0.628 0.749 c
-0.834 0.576 -0.862 0.268 -0.687 0.061 c
-0.515 -0.145 -0.207 -0.172 0 0 c
f
Q
q
0 g
0.97 w 
/GS5 gs
/Fm34 Do
Q
q
0 g
0.97 w 
/GS5 gs
/Fm35 Do
Q
q
0 g
0.97 w 
/GS1 gs
/Fm36 Do
Q
q
0 g
0.97 w 
/GS2 gs
/Fm37 Do
Q
q
0 g
0.97 w 
/GS3 gs
/Fm38 Do
Q
q
0 g
0.97 w 
/GS4 gs
/Fm39 Do
Q
q 1 0 0 1 305.0153 594.4506 cm
0 0 m
0.033 0.131 -0.047 0.262 -0.178 0.296 c
-0.309 0.329 -0.442 0.249 -0.474 0.118 c
-0.507 -0.012 -0.427 -0.146 -0.297 -0.178 c
-0.166 -0.211 -0.033 -0.131 0 0 c
f
Q
q
0 g
0.97 w 
/GS5 gs
/Fm40 Do
Q
q
0 g
0.97 w 
/GS5 gs
/Fm41 Do
Q
q
0 g
0.97 w 
/GS1 gs
/Fm42 Do
Q
q
0 g
0.97 w 
/GS2 gs
/Fm43 Do
Q
q
0 g
0.97 w 
/GS4 gs
/Fm44 Do
Q
q 1 0 0 1 324.3824 598.1573 cm
0 0 m
0.033 0.132 -0.047 0.263 -0.178 0.296 c
-0.308 0.329 -0.441 0.249 -0.474 0.118 c
-0.507 -0.012 -0.427 -0.145 -0.297 -0.177 c
-0.166 -0.211 -0.033 -0.131 0 0 c
f
Q
q
0 g
0.97 w 
/GS5 gs
/Fm45 Do
Q
q
0 g
0.97 w 
/GS5 gs
/Fm46 Do
Q
q
0 g
0.97 w 
/GS2 gs
/Fm47 Do
Q
q
0 g
0.97 w 
/GS6 gs
/Fm48 Do
Q
q
0 g
0.97 w 
/GS4 gs
/Fm49 Do
Q
q
0 g
0.97 w 
/GS7 gs
/Fm50 Do
Q
q
0 g
0.97 w 
/GS8 gs
/Fm51 Do
Q
q
0 g
0.97 w 
/GS1 gs
/Fm52 Do
Q
q
0 g
0.97 w 
/GS5 gs
/Fm53 Do
Q
q
0 g
0.97 w 
/GS5 gs
/Fm54 Do
Q
q
0 g
0.97 w 
/GS1 gs
/Fm55 Do
Q
q
0 g
0.97 w 
/GS2 gs
/Fm56 Do
Q
q
0 g
0.97 w 
/GS3 gs
/Fm57 Do
Q
q
0 g
0.97 w 
/GS4 gs
/Fm58 Do
Q
q 1 0 0 1 116.3082 728.9313 cm
0 0 m
-0.095 -0.214 -0.001 -0.463 0.212 -0.558 c
0.424 -0.654 0.672 -0.56 0.768 -0.346 c
0.864 -0.136 0.77 0.114 0.558 0.211 c
0.344 0.306 0.096 0.211 0 0 c
f
Q
q
0 g
0.97 w 
/GS5 gs
/Fm59 Do
Q
q
0 g
0.97 w 
/GS5 gs
/Fm60 Do
Q
q
0 g
0.97 w 
/GS1 gs
/Fm61 Do
Q
q
0 g
0.97 w 
/GS3 gs
/Fm62 Do
Q
q
0 g
0.97 w 
/GS4 gs
/Fm63 Do
Q
q
0 g
0.97 w 
/GS5 gs
/Fm64 Do
Q
q
0 g
0.97 w 
/GS8 gs
/Fm65 Do
Q
q
0 g
0.97 w 
/GS5 gs
/Fm66 Do
Q
q
0 g
0.97 w 
/GS5 gs
/Fm67 Do
Q
q
0 g
0.97 w 
/GS5 gs
/Fm68 Do
Q
EMC 
Q
BT
0.375 0.324 0.309  scn
/T1_4 1 Tf
24.2582 0 0 24.2582 80.3063 671.3527 Tm
(DISC)Tj
2.155 0 Td
(O)Tj
0.689 0 Td
(VE)Tj
-0.032 Tc 0.032 Tw (RY)Tj
0 Tc 0 Tw 2.418 0 Td
( S)Tj
0.795 0 Td
(T)Tj
0.518 0 Td
(A)Tj
-0.022 Tc 0.022 Tw (RT)Tj
0 Tc 0 Tw 1.899 0 Td
(S )Tj
(H)Tj
(E)Tj
(R)Tj
(E.)Tj
1 1 1  scn
/T1_3 1 Tf
15.5252 0 0 15.5252 80.3063 653.8868 Tm
[(\016\006\001\034\t\037\034\201\t)3(\016\b\006\215)-4(\217\006)]TJ
4.5256 0 0 4.5256 229.7191 661.0314 Tm
(\220\235)Tj
ET
q
0 0 585 765 re
W n
/CS2 CS 0  SCN
1.213 w 
q 1 0 0 1 -5.4091 764.9232 cm
0 0 m
-14.555 0 l
596.751 0 m
611.306 0 l
0 -759.766 m
-14.555 -759.766 l
596.751 -759.766 m
611.306 -759.766 l
5.822 5.822 m
5.822 20.377 l
5.822 -765.588 m
5.822 -780.143 l
590.929 5.822 m
590.929 20.377 l
590.929 -765.588 m
590.929 -780.143 l
S
Q
1  SCN
0.243 w 
q 1 0 0 1 -5.4091 764.9232 cm
0 0 m
-14.555 0 l
596.751 0 m
611.306 0 l
0 -759.766 m
-14.555 -759.766 l
596.751 -759.766 m
611.306 -759.766 l
5.822 5.822 m
5.822 20.377 l
5.822 -765.588 m
5.822 -780.143 l
590.929 5.822 m
590.929 20.377 l
590.929 -765.588 m
590.929 -780.143 l
S
Q
0  SCN
1.213 w 
q 1 0 0 1 297.8181 778.0226 cm
0 0 m
0 -2.679 -2.173 -4.852 -4.852 -4.852 c
-7.531 -4.852 -9.703 -2.679 -9.703 0 c
-9.703 2.679 -7.531 4.852 -4.852 4.852 c
-2.173 4.852 0 2.679 0 0 c
h
S
Q
q 1 0 0 1 295.8775 778.0226 cm
0 0 m
0 -1.608 -1.303 -2.911 -2.911 -2.911 c
-4.519 -2.911 -5.822 -1.608 -5.822 0 c
-5.822 1.608 -4.519 2.911 -2.911 2.911 c
-1.303 2.911 0 1.608 0 0 c
h
S
Q
1  SCN
0.243 w 
q 1 0 0 1 297.8181 778.0226 cm
0 0 m
0 -2.679 -2.173 -4.852 -4.852 -4.852 c
-7.531 -4.852 -9.703 -2.679 -9.703 0 c
-9.703 2.679 -7.531 4.852 -4.852 4.852 c
-2.173 4.852 0 2.679 0 0 c
h
S
Q
/CS2 cs 1  scn
q 1 0 0 1 295.8775 778.0226 cm
0 0 m
0 -1.608 -1.303 -2.911 -2.911 -2.911 c
-4.519 -2.911 -5.822 -1.608 -5.822 0 c
-5.822 1.608 -4.519 2.911 -2.911 2.911 c
-1.303 2.911 0 1.608 0 0 c
f
Q
0  SCN
q 1 0 0 1 290.0555 778.0226 cm
0 0 m
5.822 0 l
S
Q
q 1 0 0 1 292.9665 780.9335 cm
0 0 m
0 -5.822 l
S
Q
1.213 w 
q 1 0 0 1 297.8181 -7.9425 cm
0 0 m
0 -2.679 -2.173 -4.852 -4.852 -4.852 c
-7.531 -4.852 -9.703 -2.679 -9.703 0 c
-9.703 2.679 -7.531 4.852 -4.852 4.852 c
-2.173 4.852 0 2.679 0 0 c
h
S
Q
q 1 0 0 1 287.1445 -7.9425 cm
0 0 m
11.644 0 l
S
Q
q 1 0 0 1 292.9665 -2.1206 cm
0 0 m
0 -11.644 l
S
Q
q 1 0 0 1 295.8775 -7.9425 cm
0 0 m
0 -1.608 -1.303 -2.911 -2.911 -2.911 c
-4.519 -2.911 -5.822 -1.608 -5.822 0 c
-5.822 1.608 -4.519 2.911 -2.911 2.911 c
-1.303 2.911 0 1.608 0 0 c
h
S
Q
1  SCN
0.243 w 
q 1 0 0 1 297.8181 -7.9425 cm
0 0 m
0 -2.679 -2.173 -4.852 -4.852 -4.852 c
-7.531 -4.852 -9.703 -2.679 -9.703 0 c
-9.703 2.679 -7.531 4.852 -4.852 4.852 c
-2.173 4.852 0 2.679 0 0 c
h
S
Q
q 1 0 0 1 287.1445 -7.9425 cm
0 0 m
11.644 0 l
S
Q
q 1 0 0 1 292.9665 -2.1206 cm
0 0 m
0 -11.644 l
S
Q
q 1 0 0 1 295.8775 -7.9425 cm
0 0 m
0 -1.608 -1.303 -2.911 -2.911 -2.911 c
-4.519 -2.911 -5.822 -1.608 -5.822 0 c
-5.822 1.608 -4.519 2.911 -2.911 2.911 c
-1.303 2.911 0 1.608 0 0 c
f
Q
0  SCN
q 1 0 0 1 290.0555 -7.9425 cm
0 0 m
5.822 0 l
S
Q
q 1 0 0 1 292.9665 -5.0315 cm
0 0 m
0 -5.822 l
S
Q
1.213 w 
q 1 0 0 1 -7.835 385.04 cm
0 0 m
0 -2.679 -2.173 -4.852 -4.852 -4.852 c
-7.531 -4.852 -9.703 -2.679 -9.703 0 c
-9.703 2.679 -7.531 4.852 -4.852 4.852 c
-2.173 4.852 0 2.679 0 0 c
h
S
Q
q 1 0 0 1 -18.5086 385.04 cm
0 0 m
11.644 0 l
S
Q
q 1 0 0 1 -12.6866 390.862 cm
0 0 m
0 -11.644 l
S
Q
q 1 0 0 1 -9.7756 385.04 cm
0 0 m
0 -1.608 -1.303 -2.911 -2.911 -2.911 c
-4.519 -2.911 -5.822 -1.608 -5.822 0 c
-5.822 1.608 -4.519 2.911 -2.911 2.911 c
-1.303 2.911 0 1.608 0 0 c
h
S
Q
1  SCN
0.243 w 
q 1 0 0 1 -7.835 385.04 cm
0 0 m
0 -2.679 -2.173 -4.852 -4.852 -4.852 c
-7.531 -4.852 -9.703 -2.679 -9.703 0 c
-9.703 2.679 -7.531 4.852 -4.852 4.852 c
-2.173 4.852 0 2.679 0 0 c
h
S
Q
q 1 0 0 1 -18.5086 385.04 cm
0 0 m
11.644 0 l
S
Q
q 1 0 0 1 -12.6866 390.862 cm
0 0 m
0 -11.644 l
S
Q
q 1 0 0 1 -9.7756 385.04 cm
0 0 m
0 -1.608 -1.303 -2.911 -2.911 -2.911 c
-4.519 -2.911 -5.822 -1.608 -5.822 0 c
-5.822 1.608 -4.519 2.911 -2.911 2.911 c
-1.303 2.911 0 1.608 0 0 c
f
Q
0  SCN
q 1 0 0 1 -15.5976 385.04 cm
0 0 m
5.822 0 l
S
Q
q 1 0 0 1 -12.6866 387.951 cm
0 0 m
0 -5.822 l
S
Q
1.213 w 
q 1 0 0 1 603.4712 385.04 cm
0 0 m
0 -2.679 -2.173 -4.852 -4.852 -4.852 c
-7.531 -4.852 -9.703 -2.679 -9.703 0 c
-9.703 2.679 -7.531 4.852 -4.852 4.852 c
-2.173 4.852 0 2.679 0 0 c
h
S
Q
q 1 0 0 1 592.7976 385.04 cm
0 0 m
11.644 0 l
S
Q
q 1 0 0 1 598.6196 390.862 cm
0 0 m
0 -11.644 l
S
Q
q 1 0 0 1 601.5306 385.04 cm
0 0 m
0 -1.608 -1.303 -2.911 -2.911 -2.911 c
-4.519 -2.911 -5.822 -1.608 -5.822 0 c
-5.822 1.608 -4.519 2.911 -2.911 2.911 c
-1.303 2.911 0 1.608 0 0 c
h
S
Q
1  SCN
0.243 w 
q 1 0 0 1 603.4712 385.04 cm
0 0 m
0 -2.679 -2.173 -4.852 -4.852 -4.852 c
-7.531 -4.852 -9.703 -2.679 -9.703 0 c
-9.703 2.679 -7.531 4.852 -4.852 4.852 c
-2.173 4.852 0 2.679 0 0 c
h
S
Q
q 1 0 0 1 592.7976 385.04 cm
0 0 m
11.644 0 l
S
Q
q 1 0 0 1 598.6196 390.862 cm
0 0 m
0 -11.644 l
S
Q
q 1 0 0 1 601.5306 385.04 cm
0 0 m
0 -1.608 -1.303 -2.911 -2.911 -2.911 c
-4.519 -2.911 -5.822 -1.608 -5.822 0 c
-5.822 1.608 -4.519 2.911 -2.911 2.911 c
-1.303 2.911 0 1.608 0 0 c
f
Q
0  SCN
q 1 0 0 1 595.7086 385.04 cm
0 0 m
5.822 0 l
S
Q
q 1 0 0 1 598.6196 387.951 cm
0 0 m
0 -5.822 l
S
Q
EMC 
Q
